EntityId,TeamId,Name,ShortName,RowId,TeamAbbreviation,SecondsPlayed,GamesPlayed,Minutes,PlusMinus,OffPoss,DefPoss,PenaltyOffPoss,PenaltyDefPoss,SecondChanceOffPoss,TotalPoss,AtRimFGM,AtRimFGA,SecondChanceAtRimFGM,SecondChanceAtRimFGA,PenaltyAtRimFGM,PenaltyAtRimFGA,ShortMidRangeFGM,ShortMidRangeFGA,LongMidRangeFGM,LongMidRangeFGA,Corner3FGM,Corner3FGA,SecondChanceCorner3FGM,SecondChanceCorner3FGA,PenaltyCorner3FGM,PenaltyCorner3FGA,Arc3FGM,Arc3FGA,SecondChanceArc3FGM,SecondChanceArc3FGA,PenaltyArc3FGM,PenaltyArc3FGA,FG2M,FG2A,FG3M,FG3A,FtPoints,Points,OpponentPoints,SecondChanceFG2M,SecondChanceFG2A,SecondChanceFG3M,SecondChanceFG3A,SecondChanceFtPoints,SecondChancePoints,PenaltyFG2M,PenaltyFG2A,PenaltyFG3M,PenaltyFG3A,PenaltyFtPoints,PenaltyPoints,PtsAssisted2s,PtsUnassisted2s,PtsAssisted3s,PtsUnassisted3s,NonHeaveArc3FGA,NonHeaveArc3FGM,Fg2aBlocked,Fg3aBlocked,TwoPtAssists,ThreePtAssists,Assists,Arc3Assists,Corner3Assists,AtRimAssists,ShortMidRangeAssists,LongMidRangeAssists,AssistPoints,OffThreePtRebounds,OffTwoPtRebounds,DefThreePtRebounds,DefTwoPtRebounds,FTDefRebounds,DefRebounds,OffRebounds,Rebounds,SelfOReb,Steals,BadPassSteals,LostBallSteals,LiveBallTurnovers,BadPassOutOfBoundsTurnovers,BadPassTurnovers,DeadBallTurnovers,LostBallOutOfBoundsTurnovers,LostBallTurnovers,Travels,Turnovers,SecondChanceTurnovers,PenaltyTurnovers,ShootingFouls,Fouls,Charge Fouls,Loose Ball Fouls,Offensive Fouls,FoulsDrawn,Loose Ball Fouls Drawn,Offensive Fouls Drawn,FTA,2pt And 1 Free Throw Trips,Technical Free Throw Trips,TwoPtShootingFoulsDrawn,ThreePtShootingFoulsDrawn,NonShootingFoulsDrawn,Blocked2s,BlockedShortMidRange,Blocks,FirstChancePoints,PenaltyPointsExcludingTakeFouls,PenaltyOffPossExcludingTakeFouls,NonShootingPenaltyNonTakeFouls,NonShootingPenaltyNonTakeFoulsDrawn,Period1Fouls2Minutes,Period2Fouls2Minutes,Period3Fouls3Minutes,Period4Fouls4Minutes,Period4Fouls5Minutes,OnOffRtg,OnDefRtg,Assisted2sPct,NonPutbacksAssisted2sPct,Assisted3sPct,Fg3Pct,SecondChanceFg3Pct,PenaltyFg3Pct,NonHeaveFg3Pct,Fg2Pct,SecondChanceFg2Pct,PenaltyFg2Pct,EfgPct,SecondChanceEfgPct,PenaltyEfgPct,TsPct,SecondChanceTsPct,PenaltyTsPct,FG3APct,FG3APctBlocked,FG2APctBlocked,AtRimPctBlocked,ShortMidRangePctBlocked,LongMidRangePctBlocked,Arc3PctBlocked,Usage,LiveBallTurnoverPct,DefFTReboundPct,DefTwoPtReboundPct,OffTwoPtReboundPct,DefThreePtReboundPct,OffThreePtReboundPct,DefFGReboundPct,OffFGReboundPct,OffAtRimReboundPct,OffShortMidRangeReboundPct,OffArc3ReboundPct,DefAtRimReboundPct,DefShortMidRangeReboundPct,DefLongMidRangeReboundPct,DefArc3ReboundPct,DefCorner3ReboundPct,SelfORebPct,AtRimFrequency,AtRimAccuracy,UnblockedAtRimAccuracy,AtRimPctAssisted,ShortMidRangeFrequency,ShortMidRangeAccuracy,UnblockedShortMidRangeAccuracy,ShortMidRangePctAssisted,LongMidRangeFrequency,LongMidRangeAccuracy,UnblockedLongMidRangeAccuracy,LongMidRangePctAssisted,Corner3Frequency,Corner3Accuracy,UnblockedCorner3Accuracy,Corner3PctAssisted,Arc3Frequency,Arc3Accuracy,UnblockedArc3Accuracy,Arc3PctAssisted,SecondChanceAtRimFrequency,SecondChanceAtRimAccuracy,SecondChanceAtRimPctAssisted,SecondChanceCorner3Frequency,SecondChanceCorner3Accuracy,SecondChanceCorner3PctAssisted,SecondChanceArc3Frequency,SecondChanceArc3Accuracy,SecondChanceArc3PctAssisted,PenaltyAtRimFrequency,PenaltyAtRimAccuracy,PenaltyCorner3Frequency,PenaltyCorner3Accuracy,PenaltyArc3Frequency,PenaltyArc3Accuracy,AtRimFG3AFrequency,NonHeaveArc3Accuracy,ShotQualityAvg,SecondChanceShotQualityAvg,PenaltyShotQualityAvg,ShootingFoulsDrawnPct,TwoPtShootingFoulsDrawnPct,SecondChancePointsPct,PenaltyPointsPct,Avg2ptShotDistance,Avg3ptShotDistance,AtRimOffReboundedPct,ShortMidRangeOffReboundedPct,LongMidRangeOffReboundedPct,ThreePtOffReboundedPct,PenaltyOffPossPct,PtsPutbacks,StepOutOfBoundsTurnovers,Charge Fouls Drawn,BlockedAtRim,RecoveredBlocks,Period3Fouls4Minutes,PeriodOTFouls4Minutes,OffLongMidRangeReboundPct,OffCorner3ReboundPct,BlocksRecoveredPct,HeaveMakes,HeaveAttempts,3pt And 1 Free Throw Trips,Blocked3s,BlockedArc3,ThreePtShootingFoulsDrawnPct,FTOffRebounds,3SecondViolations,OffFTReboundPct,BlockedCorner3,BlockedLongMidRange,Defensive 3 Seconds Violations,Period2Fouls3Minutes,PeriodOTFouls5Minutes,Clear Path Fouls,Corner3PctBlocked,Period3Fouls5Minutes,Period2Fouls4Minutes,year
1628276,1611661319,Kelsey Plum,Kelsey Plum,1628276,LVA,70901.0,36,1182,282.0,2430,2418,585.0,366.0,224.0,4848,80.0,135.0,4.0,7.0,23.0,43.0,40.0,87.0,11.0,40.0,21.0,45.0,3.0,7.0,4.0,7.0,92.0,224.0,7.0,15.0,22.0,59.0,131.0,262.0,113.0,269.0,125.0,726.0,2466,8.0,19.0,10.0,22.0,4.0,50.0,35.0,75.0,26.0,66.0,52.0,200.0,114.0,148.0,228.0,111.0,224.0,92.0,32.0,4.0,111.0,73.0,184.0,46.0,27.0,49.0,39.0,23.0,441.0,2.0,7.0,33.0,51.0,3.0,87.0,9.0,96.0,2.0,36.0,27.0,9.0,44.0,20.0,29.0,50.0,6.0,15.0,8.0,94.0,3.0,23.0,20.0,90.0,6.0,2.0,10.0,142.0,3.0,10.0,149.0,19.0,5.0,62.0,1.0,18.0,2.0,2.0,2.0,676.0,200.0,576.0,7.0,18.0,6.0,61.0,14.0,30.0,3.0,113.08641975308642,101.98511166253103,0.4351145038167939,0.4351145038167939,0.672566371681416,0.4200743494423792,0.45454545454545453,0.3939393939393939,0.4200743494423792,0.5,0.42105263157894735,0.4666666666666667,0.5659133709981168,0.5609756097560976,0.524822695035461,0.6087689713322091,0.5813953488372093,0.5852941176470589,0.5065913370998116,0.01486988847583643,0.12213740458015267,0.1111111111111111,0.14942528735632185,0.1,0.017857142857142856,25.634328358208954,0.46808510638297873,0.0625,0.07434402332361516,0.011182108626198083,0.07236842105263158,0.004434589800443459,0.07355516637478109,0.008356545961002786,0.01015228426395939,0.017605633802816902,0.005747126436781609,0.040229885057471264,0.06040268456375839,0.12149532710280374,0.08031088082901554,0.02857142857142857,0.008097165991902834,0.2542372881355932,0.5925925925925926,0.6666666666666666,0.4,0.1638418079096045,0.45977011494252873,0.5405405405405406,0.475,0.07532956685499058,0.275,0.3055555555555556,0.5454545454545454,0.0847457627118644,0.4666666666666667,0.4666666666666667,1.0,0.4218455743879473,0.4107142857142857,0.41818181818181815,0.5978260869565217,0.17073170731707318,0.5714285714285714,0.25,0.17073170731707318,0.42857142857142855,1.0,0.36585365853658536,0.4666666666666667,0.8571428571428571,0.3049645390070922,0.5348837209302325,0.04964539007092199,0.5714285714285714,0.41843971631205673,0.3728813559322034,0.7608286252354048,0.4107142857142857,0.5244380414312618,0.5121288461538461,0.5223028368794326,0.10801393728222997,0.20327868852459016,0.06887052341597796,0.27548209366391185,6.291221374045802,24.870631970260224,0.24074074074074073,0.2391304347826087,0.10714285714285714,0.18831168831168832,0.24074074074074073,,,,,,,,,,,,,,,,,,,,,,,,,,,,,2022
1629488,1611661317,Brianna Turner,Brianna Turner,1629488,PHO,70078.0,35,1168,-15.0,2279,2279,471.0,467.0,220.0,4558,59.0,91.0,6.0,14.0,8.0,15.0,9.0,20.0,,1.0,,,,,,,,,,,,,68.0,112.0,,,15.0,151.0,2381,8.0,18.0,,,1.0,17.0,11.0,19.0,,,6.0,28.0,120.0,16.0,,,,,10.0,,36.0,44.0,80.0,32.0,12.0,25.0,8.0,3.0,204.0,29.0,40.0,57.0,104.0,8.0,169.0,69.0,238.0,2.0,44.0,35.0,9.0,19.0,5.0,13.0,31.0,4.0,6.0,3.0,50.0,7.0,4.0,49.0,80.0,1.0,3.0,15.0,52.0,14.0,4.0,30.0,,,9.0,,6.0,56.0,28.0,56.0,134.0,28.0,469.0,1.0,6.0,3.0,53.0,30.0,44.0,3.0,103.81746379991225,104.47564721369022,0.8823529411764706,0.967741935483871,,,,,,0.6071428571428571,0.4444444444444444,0.5789473684210527,0.6071428571428571,0.4444444444444444,0.5789473684210527,0.594488188976378,0.4473684210526316,0.56,,,0.08928571428571429,0.06593406593406594,0.2,,,6.985003946329913,0.38,0.11940298507462686,0.15407407407407409,0.07104795737122557,0.14214463840399003,0.05765407554671968,0.1496282527881041,0.0647279549718574,0.08780487804878048,0.06666666666666667,0.061068702290076333,0.15,0.16494845360824742,0.1388888888888889,0.13432835820895522,0.18181818181818182,0.0625,0.8125,0.6483516483516484,0.6941176470588235,0.8813559322033898,0.17857142857142858,0.45,0.5625,0.8888888888888888,0.008928571428571428,,,,,,,,,,,,0.7777777777777778,0.42857142857142855,0.16666666666666666,,,,,,,0.7894736842105263,0.5333333333333333,,,,,0.8125,,0.5979776785714286,0.5530733333333333,0.6302315789473684,0.0743801652892562,0.0743801652892562,0.11258278145695365,0.18543046357615894,2.6883928571428575,,0.2,0.36363636363636365,,,0.20666959192628345,12.0,1.0,4.0,28.0,25.0,8.0,10.0,0.05084745762711865,0.045454545454545456,0.44642857142857145,,,,,,,,,,,,,,,,,,,2022
1629477,1611661313,Sabrina Ionescu,Sabrina Ionescu,1629477,NYL,69798.0,36,1163,-41.0,2281,2275,394.0,445.0,231.0,4556,53.0,88.0,7.0,9.0,10.0,17.0,50.0,110.0,25.0,66.0,8.0,23.0,1.0,3.0,3.0,6.0,75.0,226.0,7.0,17.0,17.0,48.0,128.0,264.0,83.0,249.0,121.0,626.0,2400,15.0,27.0,8.0,20.0,18.0,72.0,26.0,54.0,20.0,54.0,42.0,154.0,68.0,188.0,159.0,90.0,221.0,74.0,23.0,7.0,136.0,92.0,228.0,72.0,20.0,103.0,21.0,12.0,548.0,19.0,16.0,71.0,140.0,8.0,219.0,35.0,254.0,18.0,39.0,25.0,14.0,74.0,15.0,56.0,35.0,3.0,18.0,4.0,109.0,6.0,12.0,41.0,76.0,1.0,2.0,5.0,120.0,1.0,4.0,130.0,17.0,11.0,48.0,7.0,12.0,9.0,5.0,10.0,554.0,154.0,392.0,5.0,9.0,1.0,31.0,24.0,33.0,,103.41955282770715,105.49450549450549,0.265625,0.2764227642276423,0.6385542168674698,0.3333333333333333,0.4,0.37037037037037035,0.3346938775510204,0.48484848484848486,0.5555555555555556,0.48148148148148145,0.4922027290448343,0.574468085106383,0.5185185185185185,0.5481283422459893,0.6454545454545455,0.6129032258064516,0.4853801169590643,0.028112449799196786,0.08712121212121213,0.125,0.09090909090909091,0.030303030303030304,0.030973451327433628,26.317859952793075,0.6788990825688074,0.14814814814814814,0.19021739130434784,0.029465930018416207,0.185378590078329,0.03838383838383838,0.18856121537086684,0.03371868978805395,0.027932960893854747,0.026785714285714284,0.03940886699507389,0.12890625,0.2357142857142857,0.205,0.15384615384615385,0.323943661971831,0.06976744186046512,0.17153996101364521,0.6022727272727273,0.6883116883116883,0.22641509433962265,0.21442495126705652,0.45454545454545453,0.5,0.3,0.1286549707602339,0.3787878787878788,0.390625,0.28,0.04483430799220273,0.34782608695652173,0.34782608695652173,0.875,0.4405458089668616,0.33185840707964603,0.3424657534246575,0.6133333333333333,0.19148936170212766,0.7777777777777778,0.2857142857142857,0.06382978723404255,0.3333333333333333,1.0,0.3617021276595745,0.4117647058823529,0.8571428571428571,0.1574074074074074,0.5882352941176471,0.05555555555555555,0.5,0.4444444444444444,0.3541666666666667,0.6569200779727096,0.334841628959276,0.4774428007889546,0.47246363636363636,0.43064423076923075,0.09854014598540146,0.16271186440677965,0.11501597444089456,0.24600638977635783,8.67651515151515,25.930120481927712,0.42857142857142855,0.27586206896551724,0.25,0.27631578947368424,0.17273125822007893,10.0,5.0,1.0,4.0,3.0,2.0,,0.03571428571428571,0.033707865168539325,0.3,1.0,4.0,2.0,1.0,1.0,0.023715415019762844,,,,,,,,,,,,,2022
203826,1611661323,Alyssa Thomas,Alyssa Thomas,203826,CON,69243.0,36,1154,263.0,2295,2283,509.0,442.0,320.0,4578,127.0,209.0,23.0,40.0,26.0,38.0,49.0,134.0,12.0,31.0,,,,,,,,2.0,,,,2.0,188.0,374.0,,2.0,108.0,484.0,2216,28.0,55.0,,,13.0,69.0,42.0,77.0,,2.0,34.0,118.0,234.0,142.0,,,1.0,,24.0,,157.0,61.0,218.0,46.0,15.0,87.0,34.0,36.0,497.0,18.0,52.0,77.0,127.0,16.0,220.0,74.0,294.0,14.0,62.0,22.0,40.0,47.0,26.0,34.0,55.0,1.0,13.0,9.0,102.0,8.0,20.0,35.0,101.0,1.0,13.0,16.0,145.0,12.0,7.0,148.0,16.0,,71.0,,10.0,7.0,5.0,7.0,415.0,112.0,498.0,8.0,6.0,3.0,75.0,43.0,33.0,2.0,108.01742919389979,97.0652650021901,0.6223404255319149,0.6610169491525424,,,,,,0.5026737967914439,0.509090909090909,0.5454545454545454,0.5,0.509090909090909,0.5316455696202531,0.5487528344671202,0.5564516129032258,0.59,0.005319148936170213,,0.06417112299465241,0.06220095693779904,0.06716417910447761,0.06451612903225806,,20.24608501118568,0.46078431372549017,0.34782608695652173,0.20126782884310618,0.07055630936227951,0.1855421686746988,0.05921052631578947,0.1950286806883365,0.06724303554274735,0.06802721088435375,0.09689922480620156,0.046610169491525424,0.24107142857142858,0.18385650224215247,0.17391304347826086,0.1863905325443787,0.18181818181818182,0.0875,0.5558510638297872,0.6076555023923444,0.6479591836734694,0.5905511811023622,0.35638297872340424,0.3656716417910448,0.392,0.6122448979591837,0.08244680851063829,0.3870967741935484,0.41379310344827586,1.0,,,,,0.005319148936170213,,,,0.7272727272727273,0.575,0.391304347826087,,,,,,,0.4810126582278481,0.6842105263157895,,,0.02531645569620253,,0.5611702127659575,,0.5393762032085562,0.5475260869565217,0.5281298701298701,0.16473317865429235,0.1655011655011655,0.14256198347107438,0.24380165289256198,5.232620320855615,60.4,0.3950617283950617,0.4470588235294118,0.2222222222222222,,0.22178649237472767,22.0,,,2.0,5.0,6.0,,0.03783783783783784,0.10294117647058823,0.7142857142857143,,1.0,,,,,4.0,2.0,0.06896551724137931,,,,,,,,,,2022
1629498,1611661319,Jackie Young,Jackie Young,1629498,LVA,67739.0,34,1129,225.0,2304,2299,578.0,389.0,217.0,4603,52.0,80.0,8.0,12.0,20.0,28.0,54.0,133.0,35.0,72.0,14.0,27.0,2.0,3.0,4.0,6.0,36.0,89.0,2.0,8.0,7.0,18.0,141.0,285.0,50.0,116.0,110.0,542.0,2385,16.0,30.0,4.0,11.0,3.0,47.0,40.0,87.0,11.0,24.0,39.0,152.0,152.0,130.0,123.0,27.0,88.0,36.0,19.0,,70.0,62.0,132.0,49.0,13.0,29.0,27.0,14.0,326.0,18.0,22.0,46.0,56.0,3.0,105.0,43.0,148.0,9.0,48.0,34.0,14.0,28.0,4.0,23.0,15.0,1.0,5.0,2.0,43.0,3.0,10.0,41.0,81.0,1.0,1.0,4.0,94.0,1.0,3.0,128.0,14.0,,52.0,6.0,11.0,7.0,2.0,8.0,495.0,144.0,569.0,9.0,6.0,,27.0,46.0,17.0,1.0,113.28125,103.7407568508047,0.5390070921985816,0.5588235294117647,0.82,0.43103448275862066,0.36363636363636365,0.4583333333333333,0.43478260869565216,0.49473684210526314,0.5333333333333333,0.45977011494252873,0.5386533665835411,0.5365853658536586,0.509009009009009,0.5969162995594713,0.5595238095238095,0.5757575757575758,0.2892768079800499,,0.06666666666666667,0.1125,0.06766917293233082,0.013888888888888888,,19.46729338033686,0.6511627906976745,0.061224489795918366,0.08763693270735524,0.03559870550161812,0.10747663551401869,0.043478260869565216,0.09559512652296158,0.03875968992248062,0.03125,0.032490974729241874,0.03481012658227848,0.06626506024096386,0.08695652173913043,0.1065989847715736,0.1184573002754821,0.046153846153846156,0.04838709677419355,0.19950124688279303,0.65,0.7323943661971831,0.5192307692307693,0.3316708229426434,0.40601503759398494,0.43548387096774194,0.5370370370370371,0.17955112219451372,0.4861111111111111,0.49295774647887325,0.5714285714285714,0.06733167082294264,0.5185185185185185,0.5185185185185185,1.0,0.22194513715710723,0.4044943820224719,0.4044943820224719,0.75,0.2926829268292683,0.6666666666666666,0.375,0.07317073170731707,0.6666666666666666,1.0,0.1951219512195122,0.25,1.0,0.25225225225225223,0.7142857142857143,0.05405405405405406,0.6666666666666666,0.16216216216216217,0.3888888888888889,0.48877805486284287,0.4090909090909091,0.479261,0.4734019230769231,0.46635454545454547,0.12895927601809956,0.1609907120743034,0.08671586715867159,0.28044280442804426,9.010526315789473,24.842241379310344,0.2857142857142857,0.21794871794871795,0.25,0.23809523809523808,0.2508680555555556,10.0,1.0,,3.0,2.0,,,0.04697986577181208,0.07142857142857142,0.25,,1.0,2.0,1.0,,0.04201680672268908,3.0,,0.05555555555555555,1.0,2.0,2.0,,,,,,,2022
204319,1611661328,Jewell Loyd,Jewell Loyd,204319,SEA,65373.0,36,1090,192.0,2185,2181,338.0,361.0,234.0,4366,46.0,78.0,5.0,9.0,7.0,16.0,31.0,107.0,40.0,105.0,20.0,53.0,2.0,5.0,1.0,6.0,64.0,165.0,9.0,14.0,3.0,21.0,117.0,290.0,84.0,218.0,100.0,586.0,2133,10.0,18.0,11.0,19.0,6.0,59.0,16.0,49.0,4.0,27.0,32.0,76.0,130.0,104.0,207.0,45.0,162.0,64.0,17.0,,78.0,43.0,121.0,32.0,11.0,44.0,25.0,9.0,285.0,9.0,11.0,34.0,41.0,,75.0,20.0,95.0,3.0,39.0,33.0,6.0,49.0,11.0,35.0,29.0,5.0,14.0,2.0,78.0,6.0,7.0,29.0,64.0,4.0,,5.0,120.0,4.0,13.0,112.0,9.0,7.0,51.0,1.0,6.0,7.0,1.0,7.0,527.0,76.0,334.0,2.0,5.0,,23.0,15.0,5.0,,106.40732265446223,97.79917469050895,0.5555555555555556,0.5701754385964912,0.8214285714285714,0.3853211009174312,0.5789473684210527,0.14814814814814814,0.39069767441860465,0.40344827586206894,0.5555555555555556,0.32653061224489793,0.47834645669291337,0.7162162162162162,0.2894736842105263,0.5224820143884892,0.7375,0.41304347826086957,0.42913385826771655,,0.05862068965517241,0.07692307692307693,0.09345794392523364,0.009523809523809525,,25.974558883873613,0.6282051282051282,,0.06477093206951026,0.018425460636515914,0.09115281501340483,0.020785219399538105,0.07455268389662027,0.019417475728155338,0.0196078431372549,0.015503875968992248,0.02373887240356083,0.05263157894736842,0.05863192182410423,0.09032258064516129,0.09090909090909091,0.09230769230769231,0.010676156583629894,0.15354330708661418,0.5897435897435898,0.6388888888888888,0.6739130434782609,0.2106299212598425,0.2897196261682243,0.31958762886597936,0.41935483870967744,0.20669291338582677,0.38095238095238093,0.38461538461538464,0.525,0.10433070866141732,0.37735849056603776,0.37735849056603776,0.9,0.3248031496062992,0.3878787878787879,0.3878787878787879,0.796875,0.24324324324324326,0.5555555555555556,0.2,0.13513513513513514,0.4,0.5,0.3783783783783784,0.6428571428571429,0.7777777777777778,0.21052631578947367,0.4375,0.07894736842105263,0.16666666666666666,0.27631578947368424,0.14285714285714285,0.5826771653543307,0.3950617283950617,0.49395544554455445,0.534975,0.4797986666666667,0.09454545454545454,0.1536144578313253,0.10068259385665529,0.1296928327645051,10.457241379310345,24.69770642201835,0.21875,0.28,0.234375,0.20634920634920634,0.15469107551487415,6.0,2.0,6.0,5.0,3.0,,,0.021505376344086023,0.010416666666666666,0.42857142857142855,,3.0,1.0,,,0.0045871559633027525,,,,,1.0,,,,,,,,2022
1628277,1611661321,Allisha Gray,Allisha Gray,1628277,DAL,65135.0,33,1086,80.0,2112,2116,441.0,436.0,297.0,4228,48.0,74.0,4.0,6.0,9.0,15.0,22.0,79.0,12.0,35.0,14.0,41.0,,3.0,2.0,3.0,50.0,116.0,7.0,15.0,15.0,27.0,82.0,188.0,64.0,157.0,83.0,439.0,2235,6.0,13.0,7.0,18.0,12.0,45.0,15.0,34.0,17.0,30.0,26.0,107.0,94.0,70.0,171.0,21.0,116.0,50.0,18.0,2.0,61.0,23.0,84.0,19.0,4.0,46.0,11.0,4.0,191.0,18.0,8.0,50.0,69.0,11.0,130.0,29.0,159.0,1.0,37.0,25.0,12.0,31.0,2.0,21.0,11.0,2.0,10.0,1.0,42.0,3.0,7.0,42.0,78.0,1.0,2.0,3.0,85.0,6.0,10.0,104.0,11.0,,48.0,1.0,9.0,23.0,12.0,24.0,394.0,106.0,433.0,3.0,6.0,,24.0,53.0,21.0,4.0,109.61174242424242,105.62381852551985,0.573170731707317,0.5949367088607594,0.890625,0.40764331210191085,0.3888888888888889,0.5666666666666667,0.40764331210191085,0.43617021276595747,0.46153846153846156,0.4411764705882353,0.5159420289855072,0.532258064516129,0.6328125,0.5599489795918368,0.6081081081081081,0.66875,0.45507246376811594,0.012738853503184714,0.09574468085106383,0.08108108108108109,0.1518987341772152,,0.017241379310344827,17.611088463106398,0.7380952380952381,0.22,0.12126537785588752,0.012944983818770227,0.14084507042253522,0.046511627906976744,0.12878787878787878,0.025870646766169153,0.009345794392523364,0.015503875968992248,0.054313099041533544,0.06790123456790123,0.12448132780082988,0.1686746987951807,0.14840989399293286,0.1111111111111111,0.005714285714285714,0.2144927536231884,0.6486486486486487,0.7058823529411765,0.6666666666666666,0.2289855072463768,0.27848101265822783,0.3283582089552239,0.5,0.10144927536231885,0.34285714285714286,0.34285714285714286,0.3333333333333333,0.11884057971014493,0.34146341463414637,0.34146341463414637,1.0,0.336231884057971,0.43103448275862066,0.43859649122807015,0.86,0.1935483870967742,0.6666666666666666,0.25,0.0967741935483871,,,0.4838709677419355,0.4666666666666667,1.0,0.234375,0.6,0.046875,0.6666666666666666,0.421875,0.5555555555555556,0.6695652173913044,0.43103448275862066,0.5099340579710144,0.4876131578947368,0.47641015625,0.1279373368146214,0.21333333333333335,0.10250569476082004,0.2437357630979499,7.23936170212766,24.643312101910826,0.4230769230769231,0.35714285714285715,0.18181818181818182,0.2777777777777778,0.20880681818181818,6.0,1.0,1.0,10.0,14.0,6.0,5.0,0.0136986301369863,0.013513513513513514,0.5833333333333334,,,,1.0,1.0,0.006329113924050633,3.0,,0.046153846153846156,,1.0,,3.0,,,,,,2022
1628932,1611661319,A'ja Wilson,A'ja Wilson,1628932,LVA,64779.0,36,1080,313.0,2202,2191,503.0,269.0,198.0,4393,113.0,174.0,20.0,27.0,17.0,33.0,80.0,180.0,36.0,82.0,5.0,13.0,,,2.0,2.0,26.0,70.0,1.0,3.0,3.0,13.0,229.0,436.0,31.0,83.0,152.0,703.0,2203,28.0,51.0,1.0,3.0,30.0,89.0,33.0,66.0,5.0,15.0,36.0,117.0,346.0,112.0,90.0,3.0,70.0,26.0,39.0,,47.0,28.0,75.0,19.0,9.0,21.0,15.0,11.0,178.0,21.0,44.0,96.0,159.0,18.0,273.0,66.0,339.0,15.0,52.0,45.0,7.0,32.0,4.0,18.0,29.0,5.0,14.0,6.0,61.0,2.0,10.0,43.0,76.0,4.0,5.0,9.0,179.0,6.0,6.0,187.0,29.0,,99.0,,9.0,65.0,33.0,70.0,614.0,117.0,494.0,,9.0,,33.0,29.0,34.0,,114.25976385104451,100.54769511638521,0.7554585152838428,0.8238095238095238,0.967741935483871,0.37349397590361444,0.3333333333333333,0.3333333333333333,0.37349397590361444,0.5252293577981652,0.5490196078431373,0.5,0.5308285163776493,0.5462962962962963,0.5,0.5877926421404682,0.664179104477612,0.5792079207920792,0.1599229287090559,,0.08944954128440367,0.09770114942528736,0.12222222222222222,,,27.141680395387148,0.5245901639344263,0.42857142857142855,0.250788643533123,0.07612456747404844,0.2222222222222222,0.0546875,0.23921200750469043,0.06756756756756757,0.08152173913043478,0.09652509652509653,0.0576271186440678,0.2732919254658385,0.28308823529411764,0.1890547263681592,0.20923913043478262,0.296875,0.06818181818181818,0.3352601156069364,0.6494252873563219,0.7197452229299363,0.6991150442477876,0.3468208092485549,0.4444444444444444,0.5063291139240507,0.75,0.1579961464354528,0.43902439024390244,0.43902439024390244,0.9444444444444444,0.025048169556840076,0.38461538461538464,0.38461538461538464,1.0,0.1348747591522158,0.37142857142857144,0.37142857142857144,0.9615384615384616,0.5,0.7407407407407407,0.1,,,,0.05555555555555555,0.3333333333333333,1.0,0.4074074074074074,0.5151515151515151,0.024691358024691357,1.0,0.16049382716049382,0.23076923076923078,0.4951830443159923,0.37142857142857144,0.49254980732177267,0.5045012195121952,0.5184395061728395,0.16808149405772496,0.1956521739130435,0.12660028449502134,0.16642958748221906,7.686009174311926,24.728915662650603,0.26229508196721313,0.27,0.13043478260869565,0.11538461538461539,0.22842870118074476,38.0,,,26.0,47.0,,5.0,0.02962962962962963,0.0449438202247191,0.6714285714285714,,,,5.0,4.0,,1.0,1.0,0.01818181818181818,1.0,6.0,,,,,,,,2022
1628878,1611661322,Ariel Atkins,Ariel Atkins,1628878,WAS,64695.0,36,1078,152.0,2084,2072,339.0,270.0,228.0,4156,34.0,47.0,7.0,8.0,6.0,6.0,36.0,94.0,45.0,107.0,19.0,44.0,2.0,4.0,5.0,9.0,51.0,148.0,2.0,9.0,5.0,21.0,115.0,248.0,70.0,192.0,87.0,527.0,2050,15.0,26.0,4.0,13.0,8.0,50.0,14.0,37.0,10.0,30.0,41.0,99.0,122.0,108.0,192.0,18.0,148.0,51.0,19.0,,61.0,22.0,83.0,20.0,2.0,26.0,24.0,11.0,188.0,13.0,21.0,29.0,43.0,11.0,83.0,34.0,117.0,5.0,47.0,28.0,19.0,33.0,7.0,28.0,18.0,2.0,5.0,1.0,51.0,2.0,8.0,34.0,99.0,3.0,5.0,4.0,135.0,7.0,23.0,103.0,13.0,8.0,39.0,2.0,12.0,9.0,4.0,9.0,477.0,97.0,335.0,13.0,11.0,,22.0,32.0,34.0,6.0,105.66218809980806,98.93822393822394,0.5304347826086957,0.5700934579439252,0.9142857142857143,0.3645833333333333,0.3076923076923077,0.3333333333333333,0.3645833333333333,0.4637096774193548,0.5769230769230769,0.3783783783783784,0.5,0.5384615384615384,0.43283582089552236,0.5438413361169102,0.5952380952380952,0.5625,0.43636363636363634,,0.07661290322580645,0.1702127659574468,0.0851063829787234,0.028037383177570093,,22.60127931769723,0.6470588235294118,0.22,0.07388316151202749,0.036395147313691506,0.0777479892761394,0.034574468085106384,0.07539267015706806,0.035676810073452254,0.007142857142857143,0.04406779661016949,0.03514376996805112,0.04878048780487805,0.07169811320754717,0.09278350515463918,0.07876712328767123,0.07407407407407407,0.021645021645021644,0.10681818181818181,0.723404255319149,0.8717948717948718,0.4117647058823529,0.21363636363636362,0.3829787234042553,0.4186046511627907,0.5833333333333334,0.2431818181818182,0.4205607476635514,0.4326923076923077,0.5777777777777777,0.1,0.4318181818181818,0.4318181818181818,1.0,0.33636363636363636,0.34459459459459457,0.34459459459459457,0.8823529411764706,0.20512820512820512,0.875,0.14285714285714285,0.10256410256410256,0.5,1.0,0.23076923076923078,0.2222222222222222,1.0,0.08955223880597014,1.0,0.13432835820895522,0.5555555555555556,0.31343283582089554,0.23809523809523808,0.5431818181818182,0.34459459459459457,0.4739638636363636,0.4829392857142857,0.4466470149253732,0.08779443254817987,0.14233576642335766,0.09487666034155598,0.18785578747628084,11.307661290322581,24.98125,0.46153846153846156,0.27586206896551724,0.15,0.15254237288135594,0.1626679462571977,16.0,,9.0,5.0,5.0,9.0,9.0,0.04929577464788732,0.031746031746031744,0.5555555555555556,,,1.0,,,0.010362694300518135,,,,,,1.0,,,,,,,2022
204333,1611661322,Natasha Cloud,Natasha Cloud,204333,WAS,64241.0,34,1071,142.0,2065,2049,358.0,299.0,225.0,4114,40.0,74.0,3.0,6.0,6.0,13.0,20.0,58.0,20.0,41.0,3.0,6.0,2.0,2.0,1.0,2.0,40.0,129.0,3.0,8.0,4.0,24.0,80.0,173.0,43.0,135.0,75.0,364.0,1987,3.0,8.0,5.0,10.0,2.0,23.0,16.0,32.0,5.0,26.0,22.0,69.0,40.0,120.0,93.0,36.0,126.0,40.0,8.0,,154.0,85.0,239.0,66.0,19.0,73.0,57.0,24.0,563.0,5.0,11.0,52.0,50.0,4.0,106.0,16.0,122.0,5.0,35.0,23.0,12.0,61.0,16.0,51.0,33.0,4.0,10.0,8.0,94.0,5.0,12.0,20.0,55.0,,2.0,4.0,76.0,6.0,5.0,91.0,10.0,,43.0,1.0,6.0,9.0,6.0,10.0,341.0,67.0,354.0,3.0,5.0,2.0,17.0,10.0,10.0,3.0,103.09927360774819,96.9741337237677,0.25,0.25,0.7209302325581395,0.31851851851851853,0.5,0.19230769230769232,0.32575757575757575,0.4624277456647399,0.375,0.5,0.46915584415584416,0.5833333333333334,0.4051724137931034,0.5229885057471264,0.575,0.4928571428571429,0.4383116883116883,,0.046242774566473986,0.04054054054054054,0.08620689655172414,,,19.02712010331468,0.648936170212766,0.0784313725490196,0.08488964346349745,0.01877133105802048,0.14130434782608695,0.013404825737265416,0.10658307210031348,0.016684045881126174,0.03289473684210526,0.017006802721088437,0.013201320132013201,0.0703125,0.06538461538461539,0.11940298507462686,0.15699658703071673,0.08,0.029411764705882353,0.24025974025974026,0.5405405405405406,0.5633802816901409,0.325,0.18831168831168832,0.3448275862068966,0.37735849056603776,,0.1331168831168831,0.4878048780487805,0.4878048780487805,0.35,0.01948051948051948,0.5,0.5,1.0,0.41883116883116883,0.31007751937984496,0.31007751937984496,0.7,0.3333333333333333,0.5,0.3333333333333333,0.1111111111111111,1.0,1.0,0.4444444444444444,0.375,0.6666666666666666,0.22413793103448276,0.46153846153846156,0.034482758620689655,0.5,0.41379310344827586,0.16666666666666666,0.6785714285714286,0.31746031746031744,0.5012413114754098,0.5091066666666666,0.4714,0.1286549707602339,0.2087378640776699,0.06318681318681318,0.18956043956043955,7.646242774566474,25.891111111111112,0.47058823529411764,0.2222222222222222,0.25,0.2159090909090909,0.17336561743341405,,,1.0,2.0,7.0,,,0.007142857142857143,0.014285714285714285,0.7,,3.0,,1.0,1.0,0.007352941176470588,,,,,1.0,1.0,,,,,,,2022
203014,1611661320,Nneka Ogwumike,Nneka Ogwumike,203014,LAS,64059.0,34,1068,-126.0,2135,2132,403.0,386.0,200.0,4267,128.0,173.0,21.0,32.0,25.0,33.0,72.0,155.0,28.0,73.0,4.0,8.0,2.0,2.0,2.0,3.0,17.0,49.0,,1.0,,6.0,228.0,401.0,21.0,57.0,95.0,614.0,2291,26.0,43.0,2.0,3.0,13.0,71.0,38.0,66.0,2.0,9.0,30.0,112.0,348.0,108.0,63.0,,49.0,17.0,24.0,,48.0,20.0,68.0,15.0,5.0,32.0,9.0,7.0,156.0,17.0,29.0,69.0,89.0,19.0,177.0,48.0,225.0,12.0,57.0,40.0,17.0,37.0,7.0,25.0,25.0,2.0,12.0,6.0,62.0,3.0,12.0,36.0,80.0,1.0,3.0,8.0,132.0,9.0,12.0,115.0,12.0,1.0,49.0,,13.0,15.0,7.0,15.0,543.0,106.0,391.0,6.0,9.0,5.0,18.0,26.0,26.0,1.0,101.40515222482435,107.4577861163227,0.7631578947368421,0.8207547169811321,1.0,0.3684210526315789,0.6666666666666666,0.2222222222222222,0.3684210526315789,0.5685785536159601,0.6046511627906976,0.5757575757575758,0.5665938864628821,0.6304347826086957,0.5466666666666666,0.6033464566929134,0.6698113207547169,0.6153846153846154,0.12445414847161572,,0.059850374064837904,0.08670520231213873,0.05806451612903226,,,24.142312579415503,0.5967741935483871,0.36538461538461536,0.15892857142857142,0.04283604135893648,0.1988472622478386,0.06343283582089553,0.17420066152149946,0.04867724867724868,0.08108108108108109,0.029411764705882353,0.06756756756756757,0.19387755102040816,0.1415525114155251,0.13793103448275862,0.20522388059701493,0.17721518987341772,0.06521739130434782,0.3777292576419214,0.7398843930635838,0.810126582278481,0.78125,0.3384279475982533,0.4645161290322581,0.4931506849315068,0.7222222222222222,0.15938864628820962,0.3835616438356164,0.3835616438356164,0.7857142857142857,0.017467248908296942,0.5,0.5,1.0,0.10698689956331878,0.3469387755102041,0.3469387755102041,1.0,0.6956521739130435,0.65625,0.14285714285714285,0.043478260869565216,1.0,1.0,0.021739130434782608,,,0.44,0.7575757575757576,0.04,0.6666666666666666,0.08,,0.5021834061135371,0.3469387755102041,0.49575458515283843,0.5545756756756757,0.5080793333333333,0.09898989898989899,0.11187214611872145,0.11563517915309446,0.18241042345276873,7.345635910224439,24.62982456140351,0.5111111111111111,0.13253012048192772,0.24444444444444444,0.37142857142857144,0.18875878220140516,32.0,1.0,1.0,7.0,8.0,,,0.02727272727272727,0.043478260869565216,0.5333333333333333,,,,,,,2.0,,0.038461538461538464,,1.0,1.0,,,,,,,2022
1631009,1611661330,Rhyne Howard,Rhyne Howard,1631009,ATL,63947.0,34,1066,-149.0,2120,2118,370.0,433.0,252.0,4238,36.0,59.0,5.0,9.0,8.0,10.0,22.0,79.0,41.0,123.0,17.0,49.0,5.0,8.0,1.0,5.0,68.0,199.0,5.0,15.0,12.0,43.0,99.0,261.0,85.0,248.0,99.0,552.0,2200,8.0,25.0,10.0,23.0,10.0,56.0,20.0,48.0,13.0,48.0,37.0,116.0,86.0,112.0,216.0,39.0,198.0,68.0,18.0,2.0,69.0,27.0,96.0,20.0,7.0,30.0,23.0,16.0,219.0,11.0,16.0,48.0,77.0,2.0,127.0,27.0,154.0,11.0,54.0,38.0,16.0,29.0,10.0,21.0,24.0,2.0,8.0,,53.0,4.0,11.0,43.0,87.0,2.0,4.0,6.0,116.0,7.0,5.0,125.0,4.0,1.0,46.0,6.0,9.0,26.0,14.0,26.0,496.0,113.0,362.0,10.0,6.0,,26.0,38.0,27.0,,96.74528301886792,103.87157695939565,0.43434343434343436,0.44329896907216493,0.8470588235294118,0.34274193548387094,0.43478260869565216,0.2708333333333333,0.3441295546558704,0.3793103448275862,0.32,0.4166666666666667,0.4449901768172888,0.4791666666666667,0.4114583333333333,0.48849557522123893,0.5185185185185185,0.4915254237288136,0.48722986247544203,0.008064516129032258,0.06896551724137931,0.06779661016949153,0.12658227848101267,0.032520325203252036,0.010050251256281407,25.653798256537982,0.5471698113207547,0.0392156862745098,0.13701067615658363,0.0237741456166419,0.12121212121212122,0.02997275204359673,0.1304801670146138,0.025961538461538463,0.0053475935828877,0.034482758620689655,0.024822695035460994,0.10112359550561797,0.13744075829383887,0.17341040462427745,0.1167192429022082,0.13924050632911392,0.03741496598639456,0.11591355599214145,0.6101694915254238,0.6545454545454545,0.5,0.15520628683693516,0.27848101265822783,0.3188405797101449,0.2727272727272727,0.24165029469548133,0.3333333333333333,0.3445378151260504,0.4634146341463415,0.0962671905697446,0.3469387755102041,0.3469387755102041,0.9411764705882353,0.39096267190569745,0.3417085427135678,0.34517766497461927,0.8235294117647058,0.1875,0.5555555555555556,0.6,0.16666666666666666,0.625,1.0,0.3125,0.3333333333333333,0.8,0.10416666666666667,0.8,0.052083333333333336,0.2,0.4479166666666667,0.27906976744186046,0.6031434184675835,0.3434343434343434,0.4849319526627219,0.4752276315789474,0.4401941489361702,0.0918918918918919,0.15181518151815182,0.10144927536231885,0.21014492753623187,11.722988505747125,24.7758064516129,0.17391304347826086,0.375,0.24691358024691357,0.2857142857142857,0.17452830188679244,4.0,3.0,5.0,10.0,14.0,,3.0,0.02666666666666667,0.047058823529411764,0.5384615384615384,,1.0,1.0,,,0.01984126984126984,,,,,2.0,2.0,,2.0,,,,,2022
1627668,1611661328,Breanna Stewart,Breanna Stewart,1627668,SEA,63120.0,34,1052,229.0,2101,2100,315.0,314.0,211.0,4201,83.0,115.0,15.0,19.0,7.0,13.0,80.0,178.0,25.0,70.0,9.0,22.0,,2.0,2.0,2.0,58.0,155.0,4.0,12.0,6.0,20.0,188.0,363.0,67.0,177.0,164.0,741.0,2032,22.0,37.0,4.0,14.0,16.0,72.0,21.0,48.0,8.0,22.0,60.0,126.0,304.0,72.0,189.0,12.0,155.0,58.0,17.0,1.0,52.0,45.0,97.0,39.0,6.0,28.0,10.0,14.0,239.0,6.0,38.0,67.0,132.0,12.0,211.0,46.0,257.0,21.0,54.0,39.0,15.0,24.0,4.0,13.0,19.0,2.0,11.0,,43.0,4.0,11.0,29.0,72.0,3.0,3.0,8.0,184.0,12.0,4.0,196.0,17.0,9.0,77.0,4.0,19.0,28.0,15.0,31.0,669.0,122.0,311.0,9.0,17.0,,22.0,25.0,16.0,4.0,107.61542122798666,96.76190476190476,0.8085106382978723,0.8685714285714285,0.9402985074626866,0.3785310734463277,0.2857142857142857,0.36363636363636365,0.3785310734463277,0.5179063360881543,0.5945945945945946,0.4375,0.5342592592592592,0.5490196078431373,0.4714285714285714,0.5892282958199357,0.6,0.62,0.3277777777777778,0.005649717514124294,0.046831955922865015,0.06956521739130435,0.0449438202247191,0.014285714285714285,0.0064516129032258064,28.602150537634408,0.5581395348837209,0.2926829268292683,0.21153846153846154,0.0695970695970696,0.17819148936170212,0.014150943396226415,0.199,0.04536082474226804,0.058823529411764705,0.1,0.012012012012012012,0.18235294117647058,0.24013157894736842,0.18666666666666668,0.17080745341614906,0.2222222222222222,0.08015267175572519,0.21296296296296297,0.7217391304347827,0.7757009345794392,0.7469879518072289,0.3296296296296296,0.449438202247191,0.47058823529411764,0.875,0.12962962962962962,0.35714285714285715,0.36231884057971014,0.8,0.040740740740740744,0.4090909090909091,0.4090909090909091,1.0,0.28703703703703703,0.3741935483870968,0.37662337662337664,0.9310344827586207,0.37254901960784315,0.7894736842105263,0.2,0.0392156862745098,,,0.23529411764705882,0.3333333333333333,1.0,0.18571428571428572,0.5384615384615384,0.02857142857142857,1.0,0.2857142857142857,0.3,0.5407407407407407,0.3741935483870968,0.4916572356215213,0.5064054054054054,0.45789928571428573,0.13432835820895522,0.18203309692671396,0.09716599190283401,0.1700404858299595,8.30495867768595,24.58870056497175,0.34375,0.3469387755102041,0.19047619047619047,0.1574074074074074,0.14992860542598763,26.0,,1.0,11.0,17.0,6.0,,0.03529411764705882,0.02197802197802198,0.5483870967741935,,,1.0,3.0,3.0,0.022222222222222223,2.0,,0.0625,,2.0,,2.0,,,,,,2022
203866,1611661321,Kayla Thornton,Kayla Thornton,203866,DAL,62982.0,36,1050,-12.0,2025,2038,447.0,356.0,283.0,4063,45.0,65.0,7.0,13.0,4.0,7.0,16.0,31.0,11.0,34.0,5.0,19.0,,3.0,1.0,4.0,20.0,58.0,3.0,8.0,3.0,16.0,72.0,130.0,25.0,77.0,68.0,287.0,2148,10.0,22.0,3.0,11.0,20.0,49.0,8.0,17.0,4.0,20.0,18.0,46.0,102.0,42.0,75.0,,58.0,20.0,10.0,,37.0,28.0,65.0,28.0,,30.0,6.0,1.0,158.0,33.0,31.0,69.0,67.0,10.0,146.0,65.0,211.0,5.0,39.0,28.0,11.0,21.0,2.0,19.0,21.0,2.0,2.0,6.0,42.0,6.0,10.0,39.0,97.0,3.0,9.0,6.0,60.0,5.0,3.0,82.0,3.0,7.0,31.0,1.0,4.0,18.0,11.0,20.0,238.0,44.0,439.0,6.0,3.0,5.0,32.0,37.0,37.0,6.0,105.48148148148148,105.39744847890088,0.7083333333333334,0.7727272727272727,1.0,0.3246753246753247,0.2727272727272727,0.2,0.3246753246753247,0.5538461538461539,0.45454545454545453,0.47058823529411764,0.5289855072463768,0.4393939393939394,0.3783783783783784,0.5854166666666667,0.5340909090909091,0.46808510638297873,0.3719806763285024,,0.07692307692307693,0.13846153846153847,0.03225806451612903,,,11.989795918367347,0.5,0.18867924528301888,0.12159709618874773,0.05081967213114754,0.2,0.08571428571428572,0.15178571428571427,0.06432160804020101,0.04433497536945813,0.0326530612244898,0.0914826498422713,0.08280254777070063,0.14049586776859505,0.13157894736842105,0.22382671480144403,0.10294117647058823,0.05154639175257732,0.3140096618357488,0.6923076923076923,0.8035714285714286,0.6888888888888889,0.1497584541062802,0.5161290322580645,0.5333333333333333,0.5625,0.1642512077294686,0.3235294117647059,0.3235294117647059,1.0,0.09178743961352658,0.2631578947368421,0.2631578947368421,1.0,0.28019323671497587,0.3448275862068966,0.3448275862068966,1.0,0.3939393939393939,0.5384615384615384,0.14285714285714285,0.09090909090909091,,,0.24242424242424243,0.375,1.0,0.1891891891891892,0.5714285714285714,0.10810810810810811,0.25,0.43243243243243246,0.1875,0.6859903381642513,0.3448275862068966,0.5039949275362319,0.49288409090909097,0.45554864864864864,0.13559322033898305,0.1962025316455696,0.17073170731707318,0.1602787456445993,7.670769230769231,24.42727272727273,0.45,0.3076923076923077,0.18181818181818182,0.28846153846153844,0.22074074074074074,12.0,1.0,2.0,7.0,7.0,2.0,2.0,0.08641975308641975,0.058823529411764705,0.35,,,,2.0,1.0,0.01282051282051282,1.0,1.0,0.014705882352941176,1.0,,2.0,2.0,,,,,,2022
203827,1611661313,Natasha Howard,Natasha Howard,203827,NYL,62754.0,35,1046,-20.0,2043,2046,332.0,365.0,209.0,4089,120.0,178.0,25.0,41.0,10.0,18.0,45.0,124.0,11.0,33.0,6.0,11.0,1.0,1.0,3.0,3.0,24.0,81.0,2.0,4.0,2.0,7.0,176.0,335.0,30.0,92.0,88.0,530.0,2101,29.0,52.0,3.0,5.0,11.0,78.0,17.0,33.0,5.0,10.0,23.0,72.0,262.0,90.0,87.0,3.0,81.0,24.0,20.0,,50.0,31.0,81.0,26.0,5.0,29.0,13.0,8.0,193.0,30.0,38.0,56.0,113.0,18.0,187.0,69.0,256.0,12.0,45.0,29.0,16.0,49.0,13.0,23.0,64.0,7.0,26.0,23.0,113.0,5.0,15.0,49.0,110.0,4.0,11.0,10.0,133.0,6.0,8.0,123.0,15.0,,58.0,,11.0,35.0,14.0,35.0,452.0,72.0,329.0,6.0,11.0,1.0,67.0,45.0,53.0,2.0,101.86000978952521,102.68817204301075,0.7443181818181818,0.8343949044585988,0.9666666666666667,0.32608695652173914,0.6,0.5,0.32608695652173914,0.5253731343283582,0.5576923076923077,0.5151515151515151,0.5175644028103045,0.5877192982456141,0.5697674418604651,0.5509355509355509,0.6290322580645161,0.6101694915254238,0.2154566744730679,,0.05970149253731343,0.07303370786516854,0.056451612903225805,,,26.10989010989011,0.4336283185840708,0.3829787234042553,0.1719939117199391,0.07723577235772358,0.15774647887323945,0.07058823529411765,0.16699604743083005,0.07415485278080698,0.13218390804597702,0.04455445544554455,0.06857142857142857,0.14732142857142858,0.17857142857142858,0.19337016574585636,0.15807560137457044,0.15625,0.06030150753768844,0.4168618266978923,0.6741573033707865,0.7272727272727273,0.7833333333333333,0.2903981264637002,0.3629032258064516,0.38461538461538464,0.6444444444444445,0.07728337236533958,0.3333333333333333,0.3333333333333333,0.7272727272727273,0.02576112412177986,0.5454545454545454,0.5454545454545454,1.0,0.18969555035128804,0.2962962962962963,0.2962962962962963,0.9583333333333334,0.7192982456140351,0.6097560975609756,0.28,0.017543859649122806,1.0,1.0,0.07017543859649122,0.5,1.0,0.4186046511627907,0.5555555555555556,0.06976744186046512,1.0,0.16279069767441862,0.2857142857142857,0.6323185011709602,0.2962962962962963,0.5018912177985948,0.5418282051282051,0.49795581395348837,0.12340425531914893,0.15343915343915343,0.1471698113207547,0.13584905660377358,5.725074626865672,24.49673913043478,0.2982456140350877,0.14285714285714285,0.045454545454545456,0.14516129032258066,0.16250611845325502,38.0,1.0,,21.0,18.0,3.0,6.0,0.05172413793103448,0.08,0.5142857142857142,,,,,,,1.0,3.0,0.02702702702702703,,,,,1.0,,,,,2022
203833,1611661319,Chelsea Gray,Chelsea Gray,203833,LVA,62322.0,35,1039,283.0,2094,2089,436.0,261.0,203.0,4183,38.0,54.0,4.0,6.0,8.0,10.0,57.0,114.0,54.0,105.0,3.0,6.0,,2.0,,,31.0,94.0,5.0,10.0,5.0,27.0,149.0,273.0,34.0,100.0,81.0,481.0,2118,14.0,22.0,5.0,12.0,3.0,46.0,28.0,57.0,5.0,27.0,33.0,104.0,56.0,242.0,75.0,27.0,94.0,31.0,7.0,1.0,149.0,63.0,212.0,43.0,20.0,81.0,50.0,18.0,487.0,6.0,4.0,58.0,42.0,2.0,102.0,10.0,112.0,3.0,57.0,38.0,19.0,48.0,15.0,37.0,32.0,4.0,11.0,4.0,80.0,1.0,13.0,22.0,54.0,,3.0,3.0,83.0,,8.0,89.0,11.0,7.0,30.0,3.0,12.0,10.0,5.0,10.0,435.0,100.0,429.0,4.0,10.0,,14.0,,2.0,,114.66093600764087,101.38822403063666,0.18791946308724833,0.1891891891891892,0.7352941176470589,0.34,0.4166666666666667,0.18518518518518517,0.34,0.5457875457875457,0.6363636363636364,0.49122807017543857,0.5361930294906166,0.6323529411764706,0.4226190476190476,0.583743842364532,0.6571428571428571,0.51,0.2680965147453083,0.01,0.02564102564102564,0.037037037037037035,0.043859649122807015,,0.010638297872340425,20.858369098712444,0.6,0.058823529411764705,0.07179487179487179,0.007168458781362007,0.1351981351981352,0.016,0.09861932938856016,0.010718113612004287,0.0058823529411764705,0.011673151750972763,0.014084507042253521,0.04697986577181208,0.08108108108108109,0.07909604519774012,0.13774104683195593,0.12121212121212122,0.01764705882352941,0.1447721179624665,0.7037037037037037,0.7307692307692307,0.13157894736842105,0.30563002680965146,0.5,0.5229357798165137,0.14035087719298245,0.28150134048257375,0.5142857142857142,0.5142857142857142,0.2777777777777778,0.0160857908847185,0.5,0.5,1.0,0.2520107238605898,0.32978723404255317,0.3333333333333333,0.7096774193548387,0.17647058823529413,0.6666666666666666,,0.058823529411764705,,,0.29411764705882354,0.5,0.8,0.11904761904761904,0.8,,,0.32142857142857145,0.18518518518518517,0.4128686327077748,0.32978723404255317,0.45029852150537636,0.461152380952381,0.42032409638554213,0.08375634517766498,0.10273972602739725,0.09563409563409564,0.21621621621621623,11.312454212454213,25.8,0.4375,0.23636363636363636,0.19148936170212766,0.2711864406779661,0.2082139446036294,2.0,4.0,7.0,5.0,5.0,,,,0.02197802197802198,0.5,,,1.0,,,0.029411764705882353,,,,,,,,,1.0,,,,2022
203416,1611661329,Emma Meesseman,Emma Meesseman,203416,CHI,61778.0,36,1030,196.0,2044,2049,288.0,293.0,196.0,4093,91.0,114.0,10.0,11.0,13.0,17.0,67.0,120.0,23.0,68.0,2.0,5.0,,,,,11.0,33.0,2.0,2.0,2.0,4.0,181.0,302.0,13.0,38.0,47.0,448.0,2074,20.0,30.0,2.0,2.0,4.0,50.0,20.0,32.0,2.0,4.0,11.0,57.0,316.0,46.0,39.0,,33.0,11.0,6.0,,90.0,47.0,137.0,35.0,12.0,66.0,17.0,7.0,321.0,31.0,31.0,40.0,84.0,14.0,138.0,62.0,200.0,4.0,50.0,44.0,6.0,30.0,8.0,24.0,21.0,2.0,6.0,4.0,51.0,5.0,6.0,48.0,90.0,1.0,14.0,4.0,71.0,5.0,4.0,53.0,11.0,,27.0,,5.0,29.0,11.0,30.0,398.0,57.0,269.0,3.0,5.0,,38.0,37.0,10.0,1.0,111.05675146771037,101.22010736944851,0.8729281767955801,0.9239766081871345,1.0,0.34210526315789475,1.0,0.5,0.34210526315789475,0.5993377483443708,0.6666666666666666,0.625,0.5897058823529412,0.71875,0.6388888888888888,0.6204986149584487,0.7352941176470589,0.6951219512195121,0.11176470588235295,,0.019867549668874173,0.008771929824561403,0.03333333333333333,0.014705882352941176,,18.125824901011878,0.5882352941176471,0.32558139534883723,0.12103746397694524,0.05805243445692884,0.1360544217687075,0.09567901234567901,0.12550607287449392,0.07226107226107226,0.03317535545023697,0.07575757575757576,0.09056603773584905,0.148014440433213,0.11507936507936507,0.08484848484848485,0.13215859030837004,0.14925373134328357,0.028985507246376812,0.3352941176470588,0.7982456140350878,0.8053097345132744,0.8461538461538461,0.35294117647058826,0.5583333333333333,0.5775862068965517,0.8656716417910447,0.2,0.3382352941176471,0.34328358208955223,1.0,0.014705882352941176,0.4,0.4,1.0,0.09705882352941177,0.3333333333333333,0.3333333333333333,1.0,0.34375,0.9090909090909091,0.2,,,,0.0625,1.0,1.0,0.4722222222222222,0.7647058823529411,,,0.1111111111111111,0.5,0.4470588235294118,0.3333333333333333,0.48623999999999995,0.452725,0.49799027777777777,0.07584269662921349,0.08490566037735849,0.11160714285714286,0.12723214285714285,8.236754966887418,24.19736842105263,0.18181818181818182,0.16981132075471697,0.1111111111111111,0.125,0.14090019569471623,20.0,1.0,2.0,18.0,21.0,,5.0,0.072,0.11864406779661017,0.7,,,,1.0,,,,1.0,,1.0,,,1.0,,,,,,2022
203400,1611661317,Skylar Diggins-Smith,Skylar Diggins-Smith,203400,PHO,61143.0,30,1019,-31.0,2000,2007,420.0,438.0,181.0,4007,88.0,152.0,9.0,20.0,18.0,33.0,53.0,139.0,27.0,59.0,9.0,32.0,1.0,2.0,2.0,7.0,31.0,103.0,2.0,7.0,9.0,23.0,168.0,350.0,40.0,135.0,135.0,591.0,2124,19.0,38.0,3.0,9.0,18.0,65.0,35.0,81.0,11.0,30.0,37.0,140.0,138.0,198.0,99.0,21.0,101.0,31.0,19.0,1.0,93.0,73.0,166.0,60.0,13.0,65.0,21.0,7.0,405.0,9.0,19.0,44.0,46.0,3.0,93.0,28.0,121.0,16.0,46.0,27.0,19.0,47.0,15.0,33.0,33.0,2.0,14.0,5.0,80.0,4.0,16.0,28.0,81.0,1.0,2.0,7.0,144.0,4.0,7.0,160.0,16.0,8.0,69.0,2.0,11.0,30.0,13.0,30.0,526.0,138.0,418.0,4.0,10.0,,29.0,14.0,29.0,2.0,104.65,105.82959641255606,0.4107142857142857,0.4233128834355828,0.825,0.2962962962962963,0.3333333333333333,0.36666666666666664,0.3007518796992481,0.48,0.5,0.43209876543209874,0.47010309278350515,0.5,0.46396396396396394,0.5327272727272727,0.5701754385964912,0.5227272727272727,0.27835051546391754,0.007407407407407408,0.054285714285714284,0.046052631578947366,0.07194244604316546,0.03389830508474576,0.009708737864077669,28.50678733031674,0.5875,0.05357142857142857,0.07628524046434494,0.039832285115303984,0.1301775147928994,0.02040816326530612,0.09564293304994687,0.030501089324618737,0.040229885057471264,0.04878048780487805,0.02023121387283237,0.06944444444444445,0.08461538461538462,0.07086614173228346,0.14388489208633093,0.06666666666666667,0.06451612903225806,0.3134020618556701,0.5789473684210527,0.6068965517241379,0.45454545454545453,0.2865979381443299,0.381294964028777,0.4108527131782946,0.37735849056603776,0.12164948453608247,0.4576271186440678,0.47368421052631576,0.3333333333333333,0.06597938144329897,0.28125,0.28125,1.0,0.21237113402061855,0.30097087378640774,0.30392156862745096,0.7741935483870968,0.425531914893617,0.45,0.4444444444444444,0.0425531914893617,0.5,1.0,0.14893617021276595,0.2857142857142857,1.0,0.2972972972972973,0.5454545454545454,0.06306306306306306,0.2857142857142857,0.2072072072072072,0.391304347826087,0.5917525773195876,0.3069306930693069,0.5113889233954452,0.5055242424242424,0.4926568807339449,0.13011152416356878,0.17121588089330025,0.10998307952622674,0.23688663282571912,6.948571428571428,24.716296296296296,0.3709677419354839,0.3058823529411765,0.22580645161290322,0.18888888888888888,0.21,10.0,2.0,1.0,14.0,15.0,6.0,10.0,0.02040816326530612,0.021052631578947368,0.5,,2.0,1.0,,,0.007407407407407408,,,,,3.0,,,1.0,,,,,2022
1628909,1611661325,Kelsey Mitchell,Kelsey Mitchell,1628909,IND,60574.0,31,1010,-283.0,2033,2051,349.0,512.0,278.0,4084,70.0,118.0,9.0,15.0,14.0,23.0,19.0,57.0,35.0,96.0,15.0,34.0,,5.0,3.0,6.0,57.0,142.0,11.0,16.0,12.0,24.0,124.0,271.0,72.0,176.0,105.0,569.0,2279,14.0,29.0,11.0,21.0,9.0,70.0,23.0,52.0,15.0,30.0,45.0,136.0,102.0,146.0,177.0,39.0,142.0,57.0,20.0,,80.0,49.0,129.0,42.0,7.0,38.0,27.0,15.0,307.0,4.0,10.0,17.0,24.0,5.0,46.0,14.0,60.0,5.0,28.0,16.0,12.0,41.0,13.0,25.0,32.0,7.0,16.0,3.0,73.0,5.0,14.0,23.0,72.0,,5.0,7.0,118.0,7.0,11.0,122.0,12.0,8.0,43.0,8.0,9.0,7.0,4.0,7.0,499.0,130.0,340.0,4.0,6.0,,15.0,24.0,16.0,3.0,98.18002951303494,111.11652852267186,0.4112903225806452,0.4214876033057851,0.8194444444444444,0.4090909090909091,0.5238095238095238,0.5,0.4090909090909091,0.4575645756457565,0.4827586206896552,0.4423076923076923,0.5190156599552572,0.61,0.5548780487804879,0.5688259109311741,0.6481481481481481,0.6633663366336634,0.39373601789709173,,0.07380073800738007,0.07627118644067797,0.15789473684210525,0.020833333333333332,,24.148211243611584,0.5616438356164384,0.10416666666666667,0.0421792618629174,0.014598540145985401,0.053125,0.012307692307692308,0.04611923509561305,0.013861386138613862,0.020833333333333332,0.012552301255230125,0.015810276679841896,0.04455445544554455,0.03982300884955752,0.0425531914893617,0.050980392156862744,0.06153846153846154,0.021929824561403508,0.2639821029082774,0.5932203389830508,0.6422018348623854,0.4714285714285714,0.12751677852348994,0.3333333333333333,0.3958333333333333,0.3684210526315789,0.21476510067114093,0.3645833333333333,0.3723404255319149,0.3142857142857143,0.07606263982102908,0.4411764705882353,0.4411764705882353,1.0,0.31767337807606266,0.4014084507042254,0.4014084507042254,0.7719298245614035,0.3,0.6,0.4444444444444444,0.1,,,0.32,0.6875,1.0,0.2804878048780488,0.6086956521739131,0.07317073170731707,0.5,0.2926829268292683,0.5,0.6577181208053692,0.4014084507042254,0.5121758389261745,0.48859305555555554,0.49143719512195116,0.10515463917525773,0.1423841059602649,0.12302284710017575,0.2390158172231986,8.857933579335793,24.58465909090909,0.4583333333333333,0.35135135135135137,0.3220338983050847,0.2621359223300971,0.17166748647319233,6.0,2.0,,3.0,4.0,,,0.009708737864077669,,0.5714285714285714,,,1.0,,,0.04371584699453552,,,,,,,2.0,,,,,,2022
201886,1611661323,DeWanna Bonner,DeWanna Bonner,201886,CON,60037.0,33,1001,197.0,1987,1974,387.0,334.0,266.0,3961,57.0,81.0,12.0,15.0,7.0,11.0,24.0,69.0,29.0,65.0,26.0,56.0,4.0,9.0,3.0,7.0,20.0,84.0,3.0,7.0,4.0,19.0,110.0,215.0,46.0,140.0,86.0,444.0,1953,15.0,25.0,7.0,16.0,13.0,64.0,16.0,33.0,7.0,26.0,23.0,76.0,144.0,76.0,114.0,24.0,82.0,20.0,17.0,,69.0,22.0,91.0,16.0,6.0,50.0,11.0,8.0,204.0,4.0,21.0,54.0,75.0,2.0,131.0,25.0,156.0,6.0,41.0,31.0,10.0,32.0,9.0,23.0,20.0,2.0,9.0,3.0,52.0,4.0,14.0,21.0,59.0,1.0,1.0,4.0,75.0,4.0,6.0,104.0,9.0,10.0,42.0,3.0,6.0,10.0,3.0,11.0,380.0,72.0,376.0,1.0,2.0,,19.0,22.0,15.0,,108.20332159033718,98.93617021276596,0.6545454545454545,0.6792452830188679,0.8260869565217391,0.32857142857142857,0.4375,0.2692307692307692,0.3333333333333333,0.5116279069767442,0.6,0.48484848484848486,0.504225352112676,0.6219512195121951,0.4491525423728814,0.547979797979798,0.6888888888888889,0.5220588235294118,0.39436619718309857,,0.07906976744186046,0.09876543209876543,0.11594202898550725,0.015384615384615385,,19.469795740982182,0.6153846153846154,0.05714285714285714,0.13966480446927373,0.033707865168539325,0.14634146341463414,0.014760147601476014,0.1423841059602649,0.02796420581655481,0.05726872246696035,0.02262443438914027,0.019230769230769232,0.12299465240641712,0.12307692307692308,0.18064516129032257,0.1527777777777778,0.12345679012345678,0.034482758620689655,0.22816901408450704,0.7037037037037037,0.7808219178082192,0.6842105263157895,0.19436619718309858,0.34782608695652173,0.39344262295081966,0.5833333333333334,0.18309859154929578,0.4461538461538462,0.453125,0.6551724137931034,0.15774647887323945,0.4642857142857143,0.4642857142857143,0.9230769230769231,0.23661971830985915,0.23809523809523808,0.23809523809523808,0.7,0.36585365853658536,0.8,0.6666666666666666,0.21951219512195122,0.4444444444444444,0.75,0.17073170731707318,0.42857142857142855,1.0,0.1864406779661017,0.6363636363636364,0.11864406779661017,0.42857142857142855,0.3220338983050847,0.21052631578947367,0.6225352112676056,0.24390243902439024,0.5015712464589236,0.5523712121212121,0.4555377192982456,0.11538461538461539,0.1693548387096774,0.14414414414414414,0.17117117117117117,8.884186046511628,25.32642857142857,0.5416666666666666,0.4222222222222222,0.25,0.37209302325581395,0.19476597886260694,8.0,,,6.0,7.0,,,0.017142857142857144,,0.6363636363636364,,2.0,1.0,1.0,1.0,0.02112676056338028,,,,,1.0,,,,,,,,2022
202250,1611661328,Tina Charles,Tina Charles,202250,SEA,58947.0,34,982,-11.0,1945,1930,316.0,362.0,182.0,3875,62.0,96.0,21.0,30.0,7.0,11.0,67.0,155.0,30.0,72.0,4.0,15.0,1.0,1.0,,1.0,35.0,95.0,2.0,6.0,4.0,11.0,159.0,323.0,39.0,110.0,67.0,502.0,2044,33.0,53.0,3.0,7.0,7.0,82.0,14.0,38.0,4.0,12.0,22.0,62.0,208.0,110.0,114.0,3.0,95.0,35.0,18.0,2.0,43.0,24.0,67.0,15.0,9.0,28.0,8.0,7.0,158.0,14.0,35.0,71.0,116.0,11.0,198.0,51.0,249.0,10.0,25.0,13.0,12.0,30.0,8.0,20.0,43.0,,10.0,14.0,73.0,6.0,11.0,40.0,96.0,5.0,6.0,13.0,74.0,2.0,3.0,81.0,6.0,,37.0,,7.0,22.0,9.0,23.0,420.0,62.0,315.0,7.0,6.0,,45.0,69.0,55.0,5.0,104.52442159383034,105.90673575129533,0.6540880503144654,0.7482014388489209,0.9743589743589743,0.35454545454545455,0.42857142857142855,0.3333333333333333,0.35454545454545455,0.49226006191950467,0.6226415094339622,0.3684210526315789,0.5023094688221709,0.625,0.4,0.5329087048832272,0.6507936507936508,0.49206349206349204,0.2540415704387991,0.01818181818181818,0.05572755417956656,0.041666666666666664,0.09032258064516129,,0.021052631578947368,25.338310779281382,0.410958904109589,0.2894736842105263,0.20714285714285716,0.06930693069306931,0.2034383954154728,0.036939313984168866,0.20572057205720573,0.05542986425339366,0.0975609756097561,0.0625,0.03594771241830065,0.22424242424242424,0.2,0.2,0.1906474820143885,0.2535211267605634,0.046948356807511735,0.22170900692840648,0.6458333333333334,0.6739130434782609,0.5161290322580645,0.3579676674364896,0.432258064516129,0.475177304964539,0.7164179104477612,0.16628175519630484,0.4166666666666667,0.4166666666666667,0.8,0.03464203233256351,0.26666666666666666,0.26666666666666666,1.0,0.21939953810623555,0.3684210526315789,0.3763440860215054,0.9714285714285714,0.5,0.7,0.19047619047619047,0.016666666666666666,1.0,1.0,0.1,0.3333333333333333,1.0,0.22,0.6363636363636364,0.02,,0.22,0.36363636363636365,0.47575057736720555,0.3684210526315789,0.4733646651270208,0.49956630434782606,0.447465,0.07974137931034483,0.10451977401129943,0.16334661354581673,0.12350597609561753,8.3984520123839,24.614545454545453,0.4117647058823529,0.20454545454545456,0.11904761904761904,0.14492753623188406,0.16246786632390744,40.0,,,12.0,11.0,3.0,,0.056338028169014086,0.0410958904109589,0.4782608695652174,,,,1.0,,,2.0,3.0,0.045454545454545456,1.0,1.0,2.0,4.0,,,,,,2022
1631019,1611661325,NaLyssa Smith,NaLyssa Smith,1631019,IND,58664.0,32,978,-269.0,1953,1967,330.0,427.0,261.0,3920,64.0,106.0,22.0,31.0,9.0,18.0,43.0,112.0,16.0,67.0,4.0,9.0,1.0,1.0,,,33.0,88.0,4.0,8.0,4.0,16.0,123.0,285.0,37.0,97.0,76.0,433.0,2136,26.0,49.0,5.0,9.0,8.0,75.0,16.0,41.0,4.0,16.0,17.0,61.0,142.0,104.0,102.0,9.0,88.0,33.0,27.0,,31.0,14.0,45.0,12.0,2.0,13.0,11.0,7.0,104.0,23.0,46.0,62.0,111.0,10.0,183.0,70.0,253.0,4.0,15.0,10.0,5.0,41.0,11.0,27.0,35.0,3.0,14.0,3.0,76.0,4.0,11.0,49.0,93.0,3.0,10.0,13.0,95.0,7.0,5.0,123.0,15.0,,57.0,3.0,7.0,8.0,,8.0,358.0,61.0,325.0,5.0,5.0,1.0,55.0,71.0,54.0,9.0,95.59651817716333,108.59176410777833,0.5772357723577236,0.6698113207547169,0.918918918918919,0.38144329896907214,0.5555555555555556,0.25,0.38144329896907214,0.43157894736842106,0.5306122448979592,0.3902439024390244,0.46727748691099474,0.5775862068965517,0.38596491228070173,0.4988479262672811,0.5952380952380952,0.4420289855072464,0.25392670157068065,,0.09473684210526316,0.16981132075471697,0.08035714285714286,,,22.67674522009782,0.5394736842105263,0.2564102564102564,0.21553398058252426,0.0700152207001522,0.18787878787878787,0.07120743034055728,0.20473372781065088,0.07040816326530612,0.0821917808219178,0.05668016194331984,0.0703125,0.25757575757575757,0.17098445595854922,0.21774193548387097,0.20610687022900764,0.11764705882352941,0.020942408376963352,0.2774869109947644,0.6037735849056604,0.7272727272727273,0.515625,0.2931937172774869,0.38392857142857145,0.4174757281553398,0.6744186046511628,0.17539267015706805,0.23880597014925373,0.23880597014925373,0.5625,0.02356020942408377,0.4444444444444444,0.4444444444444444,0.75,0.23036649214659685,0.375,0.375,0.9393939393939394,0.5344827586206896,0.7096774193548387,0.09090909090909091,0.017241379310344827,1.0,,0.13793103448275862,0.5,1.0,0.3157894736842105,0.5,,,0.2807017543859649,0.25,0.5314136125654451,0.375,0.49229633507853404,0.5348822222222223,0.48652368421052633,0.13849765258215962,0.1743119266055046,0.17321016166281755,0.14087759815242495,8.120350877192983,24.854639175257734,0.30952380952380953,0.22058823529411764,0.25,0.21666666666666667,0.16897081413210446,34.0,,,7.0,3.0,4.0,2.0,0.07329842931937172,0.07462686567164178,0.375,,,,,,0.020202020202020204,1.0,,0.01694915254237288,,1.0,,,3.0,,,,,2022
203035,1611661317,Shey Peddy,Shey Peddy,203035,PHO,58448.0,34,974,9.0,1909,1901,462.0,438.0,184.0,3810,46.0,78.0,7.0,13.0,10.0,16.0,20.0,43.0,3.0,13.0,17.0,39.0,2.0,4.0,4.0,12.0,31.0,107.0,5.0,11.0,8.0,30.0,69.0,134.0,48.0,146.0,56.0,338.0,2004,9.0,19.0,7.0,15.0,8.0,47.0,16.0,28.0,12.0,42.0,25.0,93.0,70.0,68.0,129.0,15.0,104.0,30.0,10.0,2.0,80.0,37.0,117.0,30.0,7.0,52.0,22.0,6.0,271.0,23.0,22.0,36.0,46.0,1.0,83.0,45.0,128.0,6.0,54.0,36.0,18.0,25.0,8.0,13.0,23.0,5.0,12.0,2.0,48.0,2.0,10.0,21.0,62.0,,5.0,5.0,75.0,7.0,14.0,63.0,9.0,2.0,23.0,2.0,9.0,7.0,5.0,7.0,291.0,91.0,460.0,6.0,7.0,5.0,28.0,17.0,4.0,,105.44787847040335,105.41820094687006,0.5072463768115942,0.5384615384615384,0.8958333333333334,0.3287671232876712,0.4666666666666667,0.2857142857142857,0.3263888888888889,0.5149253731343284,0.47368421052631576,0.5714285714285714,0.5035714285714286,0.5735294117647058,0.4857142857142857,0.5542763157894737,0.618421052631579,0.5609756097560976,0.5214285714285715,0.0136986301369863,0.07462686567164178,0.08974358974358974,0.046511627906976744,0.07692307692307693,0.018691588785046728,16.60377358490566,0.5208333333333334,0.016666666666666666,0.08041958041958042,0.04631578947368421,0.10714285714285714,0.05502392344497608,0.09030837004405286,0.05039193729003359,0.03333333333333333,0.04145077720207254,0.0486322188449848,0.03349282296650718,0.0875,0.14634146341463414,0.10830324909747292,0.1016949152542373,0.0425531914893617,0.2785714285714286,0.5897435897435898,0.647887323943662,0.5434782608695652,0.15357142857142858,0.46511627906976744,0.4878048780487805,0.5,0.04642857142857143,0.23076923076923078,0.25,,0.1392857142857143,0.4358974358974359,0.4358974358974359,1.0,0.3821428571428571,0.2897196261682243,0.29523809523809524,0.8387096774193549,0.38235294117647056,0.5384615384615384,0.14285714285714285,0.11764705882352941,0.5,1.0,0.3235294117647059,0.45454545454545453,1.0,0.22857142857142856,0.625,0.17142857142857143,0.3333333333333333,0.42857142857142855,0.26666666666666666,0.8,0.28846153846153844,0.5134904676258992,0.4984631578947369,0.4898072463768116,0.08163265306122448,0.1554054054054054,0.1390532544378698,0.27514792899408286,5.335820895522388,25.258904109589043,0.3225806451612903,0.21739130434782608,0.1111111111111111,0.16666666666666666,0.24201152435830278,8.0,2.0,6.0,2.0,1.0,2.0,,0.0784313725490196,0.07865168539325842,0.14285714285714285,1.0,2.0,1.0,,,0.00684931506849315,,,,,,,2.0,,,,,,2022
100940,1611661317,Diana Taurasi,Diana Taurasi,100940,PHO,57706.0,31,962,-124.0,1896,1907,375.0,412.0,177.0,3803,30.0,49.0,3.0,3.0,4.0,5.0,14.0,44.0,14.0,36.0,16.0,37.0,,3.0,4.0,8.0,76.0,236.0,6.0,18.0,11.0,41.0,58.0,129.0,92.0,273.0,127.0,519.0,2075,4.0,9.0,6.0,21.0,9.0,35.0,7.0,21.0,15.0,49.0,61.0,120.0,58.0,58.0,216.0,60.0,236.0,76.0,8.0,3.0,85.0,35.0,120.0,24.0,11.0,53.0,21.0,11.0,275.0,6.0,2.0,36.0,56.0,6.0,98.0,8.0,106.0,5.0,22.0,17.0,5.0,45.0,16.0,38.0,38.0,3.0,7.0,1.0,83.0,8.0,16.0,18.0,89.0,,3.0,16.0,117.0,5.0,3.0,142.0,9.0,3.0,31.0,16.0,21.0,18.0,5.0,18.0,484.0,120.0,374.0,5.0,19.0,,62.0,42.0,37.0,4.0,102.90084388185653,108.80964866282119,0.5,0.5,0.782608695652174,0.336996336996337,0.2857142857142857,0.30612244897959184,0.336996336996337,0.4496124031007752,0.4444444444444444,0.3333333333333333,0.48756218905472637,0.43333333333333335,0.42142857142857143,0.5608695652173913,0.5147058823529411,0.5891089108910891,0.6791044776119403,0.01098901098901099,0.06201550387596899,0.061224489795918366,0.06818181818181818,0.05555555555555555,0.012711864406779662,25.761904761904763,0.5421686746987951,0.12244897959183673,0.1001788908765653,0.0044742729306487695,0.10975609756097561,0.013605442176870748,0.10372040586245772,0.009009009009009009,0.006369426751592357,0.005263157894736842,0.0111731843575419,0.08947368421052632,0.1125,0.09302325581395349,0.11481481481481481,0.08620689655172414,0.02109704641350211,0.12189054726368159,0.6122448979591837,0.6521739130434783,0.5333333333333333,0.10945273631840796,0.3181818181818182,0.34146341463414637,0.6428571428571429,0.08955223880597014,0.3888888888888889,0.4117647058823529,0.2857142857142857,0.09203980099502487,0.43243243243243246,0.43243243243243246,0.875,0.5870646766169154,0.3220338983050847,0.3261802575107296,0.7631578947368421,0.1,1.0,1.0,0.1,,,0.6,0.3333333333333333,0.6666666666666666,0.07142857142857142,0.8,0.11428571428571428,0.5,0.5857142857142857,0.2682926829268293,0.8009950248756219,0.3220338983050847,0.5077996268656716,0.5264891304347826,0.46735928571428575,0.1070615034168565,0.2052980132450331,0.0674373795761079,0.23121387283236994,9.003875968992247,25.121245421245423,0.42105263157894735,0.20689655172413793,0.36363636363636365,0.20224719101123595,0.19778481012658228,,1.0,1.0,13.0,9.0,3.0,5.0,,0.024096385542168676,0.5,,,1.0,,,0.05555555555555555,,,,,,,3.0,2.0,1.0,,,,2022
1629497,1611661321,Marina Mabrey,Marina Mabrey,1629497,DAL,57069.0,34,951,-2.0,1853,1858,358.0,373.0,255.0,3711,51.0,77.0,6.0,8.0,7.0,13.0,26.0,72.0,40.0,101.0,9.0,20.0,1.0,2.0,2.0,3.0,52.0,154.0,8.0,19.0,10.0,38.0,117.0,250.0,61.0,174.0,47.0,464.0,1992,16.0,29.0,9.0,21.0,4.0,63.0,19.0,41.0,12.0,41.0,18.0,92.0,94.0,140.0,144.0,39.0,151.0,52.0,16.0,3.0,86.0,39.0,125.0,29.0,10.0,58.0,16.0,12.0,289.0,6.0,14.0,47.0,55.0,2.0,104.0,20.0,124.0,6.0,28.0,19.0,9.0,43.0,19.0,29.0,40.0,4.0,14.0,5.0,83.0,3.0,18.0,33.0,86.0,3.0,5.0,5.0,81.0,3.0,13.0,69.0,10.0,2.0,29.0,1.0,7.0,13.0,4.0,13.0,401.0,89.0,353.0,8.0,2.0,,23.0,28.0,35.0,,107.39341608202913,107.21205597416578,0.4017094017094017,0.415929203539823,0.7868852459016393,0.3505747126436782,0.42857142857142855,0.2926829268292683,0.3567251461988304,0.468,0.5517241379310345,0.4634146341463415,0.49174528301886794,0.59,0.45121951219512196,0.5133037694013304,0.5943396226415094,0.4945652173913043,0.41037735849056606,0.017241379310344827,0.064,0.06493506493506493,0.1527777777777778,,0.01948051948051948,24.88350419384902,0.5180722891566265,0.044444444444444446,0.10763209393346379,0.025225225225225224,0.1492063492063492,0.017964071856287425,0.1234866828087167,0.02249718785151856,0.026455026455026454,0.02727272727272727,0.0176678445229682,0.0547945205479452,0.12206572769953052,0.13815789473684212,0.14049586776859505,0.1780821917808219,0.027649769585253458,0.18160377358490565,0.6623376623376623,0.7083333333333334,0.5686274509803921,0.16981132075471697,0.3611111111111111,0.4262295081967213,0.38461538461538464,0.23820754716981132,0.39603960396039606,0.39603960396039606,0.2,0.04716981132075472,0.45,0.45,0.8888888888888888,0.3632075471698113,0.33766233766233766,0.3443708609271523,0.7692307692307693,0.16,0.75,0.3333333333333333,0.04,0.5,1.0,0.38,0.42105263157894735,0.75,0.15853658536585366,0.5384615384615384,0.036585365853658534,0.6666666666666666,0.4634146341463415,0.2631578947368421,0.5919811320754716,0.3443708609271523,0.4810992874109264,0.453027027027027,0.45930687499999995,0.06756756756756757,0.10780669144981413,0.13577586206896552,0.19827586206896552,10.482,25.351149425287357,0.34615384615384615,0.32608695652173914,0.3728813559322034,0.3142857142857143,0.19320021586616298,8.0,1.0,,8.0,3.0,,3.0,0.02054794520547945,0.0196078431372549,0.23076923076923078,,3.0,,,,0.005714285714285714,,,,,1.0,,,1.0,,,,,2022
1627672,1611661324,Aerial Powers,Aerial Powers,1627672,MIN,56602.0,35,943,-128.0,1854,1870,345.0,362.0,229.0,3724,41.0,73.0,9.0,19.0,6.0,11.0,48.0,143.0,48.0,118.0,3.0,13.0,,2.0,,2.0,30.0,94.0,2.0,9.0,7.0,21.0,137.0,334.0,33.0,107.0,132.0,505.0,2016,19.0,42.0,2.0,11.0,25.0,69.0,17.0,47.0,7.0,23.0,29.0,84.0,112.0,162.0,87.0,12.0,94.0,30.0,20.0,1.0,70.0,30.0,100.0,22.0,8.0,45.0,15.0,10.0,230.0,17.0,28.0,66.0,45.0,7.0,118.0,46.0,164.0,16.0,42.0,27.0,15.0,56.0,15.0,37.0,34.0,4.0,19.0,6.0,90.0,4.0,17.0,19.0,63.0,1.0,6.0,6.0,137.0,3.0,6.0,162.0,15.0,3.0,69.0,6.0,7.0,10.0,4.0,11.0,436.0,84.0,334.0,4.0,7.0,,20.0,11.0,5.0,,101.83387270765913,107.80748663101605,0.40875912408759124,0.42424242424242425,0.8787878787878788,0.308411214953271,0.18181818181818182,0.30434782608695654,0.308411214953271,0.4101796407185629,0.4523809523809524,0.3617021276595745,0.42290249433106575,0.41509433962264153,0.39285714285714285,0.49606299212598426,0.5307692307692308,0.4772727272727273,0.24263038548752835,0.009345794392523364,0.059880239520958084,0.0684931506849315,0.1048951048951049,,0.010638297872340425,28.247520075578645,0.6222222222222222,0.16666666666666666,0.09109311740890688,0.04886561954624782,0.1732283464566929,0.060498220640569395,0.12685714285714286,0.05269320843091335,0.06358381502890173,0.04310344827586207,0.06866952789699571,0.07913669064748201,0.11458333333333333,0.0736196319018405,0.18,0.14814814814814814,0.06611570247933884,0.1655328798185941,0.5616438356164384,0.6029411764705882,0.36585365853658536,0.3242630385487528,0.3356643356643357,0.375,0.4166666666666667,0.2675736961451247,0.4067796610169492,0.4067796610169492,0.4375,0.02947845804988662,0.23076923076923078,0.23076923076923078,1.0,0.21315192743764172,0.3191489361702128,0.3225806451612903,0.8666666666666667,0.3584905660377358,0.47368421052631576,0.2222222222222222,0.03773584905660377,,,0.16981132075471697,0.2222222222222222,1.0,0.15714285714285714,0.5454545454545454,0.02857142857142857,,0.3,0.3333333333333333,0.40816326530612246,0.3191489361702128,0.46013979591836734,0.4587388888888889,0.4469964285714286,0.1462925851703407,0.17783505154639176,0.13663366336633664,0.16633663366336635,10.636826347305389,24.528971962616822,0.3125,0.3118279569892473,0.2537313432835821,0.2714285714285714,0.18608414239482202,10.0,2.0,3.0,6.0,6.0,,,0.041666666666666664,0.020833333333333332,0.5454545454545454,,,,1.0,,0.036036036036036036,1.0,,0.016666666666666666,1.0,,2.0,,,,,,,2022
1629478,1611661320,Katie Lou Samuelson,Katie Lou Samuelson,1629478,LAS,56556.0,32,943,-154.0,1893,1884,426.0,382.0,174.0,3777,27.0,42.0,3.0,6.0,5.0,7.0,6.0,25.0,18.0,61.0,17.0,39.0,2.0,3.0,2.0,7.0,39.0,120.0,3.0,7.0,5.0,25.0,51.0,128.0,56.0,159.0,41.0,311.0,2058,7.0,17.0,5.0,10.0,3.0,32.0,8.0,21.0,7.0,32.0,5.0,42.0,78.0,24.0,162.0,6.0,120.0,39.0,10.0,1.0,44.0,18.0,62.0,16.0,2.0,25.0,13.0,6.0,142.0,6.0,9.0,35.0,42.0,1.0,78.0,17.0,95.0,4.0,33.0,26.0,7.0,24.0,4.0,15.0,10.0,2.0,9.0,2.0,34.0,3.0,6.0,35.0,52.0,,,2.0,55.0,3.0,9.0,49.0,4.0,10.0,14.0,4.0,2.0,6.0,4.0,7.0,279.0,42.0,418.0,,1.0,2.0,11.0,6.0,10.0,,100.581088219757,109.23566878980891,0.7647058823529411,0.7959183673469388,0.9642857142857143,0.3522012578616352,0.5,0.21875,0.3522012578616352,0.3984375,0.4117647058823529,0.38095238095238093,0.47038327526132406,0.5370370370370371,0.3490566037735849,0.5016501650165016,0.5714285714285714,0.38181818181818183,0.554006968641115,0.006289308176100629,0.078125,0.07142857142857142,0.2,0.03278688524590164,0.008333333333333333,16.130580892942874,0.7058823529411765,0.023809523809523808,0.08842105263157894,0.015151515151515152,0.10869565217391304,0.02390438247011952,0.09661229611041405,0.01775147928994083,0.01910828025477707,0.004132231404958678,0.024630541871921183,0.08552631578947369,0.0891089108910891,0.09090909090909091,0.1141732283464567,0.08823529411764706,0.024242424242424242,0.14634146341463414,0.6428571428571429,0.6923076923076923,0.7037037037037037,0.08710801393728224,0.24,0.3,0.6666666666666666,0.21254355400696864,0.29508196721311475,0.3050847457627119,0.8888888888888888,0.13588850174216027,0.4358974358974359,0.4358974358974359,1.0,0.4181184668989547,0.325,0.3277310924369748,0.9487179487179487,0.2222222222222222,0.5,0.3333333333333333,0.1111111111111111,0.6666666666666666,1.0,0.25925925925925924,0.42857142857142855,1.0,0.1320754716981132,0.7142857142857143,0.1320754716981132,0.2857142857142857,0.4716981132075472,0.2,0.7003484320557491,0.325,0.4931368881118881,0.44556190476190477,0.4571423076923077,0.05351170568561873,0.10144927536231885,0.10289389067524116,0.13504823151125403,10.72109375,24.943396226415093,0.3333333333333333,0.2631578947368421,0.16279069767441862,0.24242424242424243,0.22503961965134706,4.0,,2.0,2.0,6.0,,,0.02564102564102564,0.020833333333333332,0.8571428571428571,,,,1.0,1.0,0.012422360248447204,2.0,,0.04,,,2.0,,,,,,,2022
204323,1611661330,Cheyenne Parker,Cheyenne Parker,204323,ATL,56517.0,36,942,-104.0,1863,1853,300.0,349.0,233.0,3716,101.0,148.0,31.0,39.0,10.0,16.0,48.0,113.0,15.0,36.0,5.0,10.0,,,1.0,2.0,7.0,45.0,,6.0,1.0,8.0,164.0,297.0,12.0,55.0,62.0,426.0,1943,36.0,55.0,,6.0,18.0,90.0,20.0,41.0,2.0,10.0,17.0,63.0,202.0,126.0,33.0,3.0,45.0,7.0,27.0,,39.0,32.0,71.0,25.0,7.0,20.0,6.0,13.0,174.0,17.0,42.0,60.0,92.0,11.0,163.0,59.0,222.0,6.0,37.0,28.0,9.0,38.0,5.0,22.0,33.0,4.0,16.0,5.0,71.0,10.0,10.0,51.0,98.0,5.0,1.0,11.0,99.0,14.0,8.0,78.0,9.0,1.0,37.0,,6.0,32.0,9.0,32.0,336.0,63.0,295.0,6.0,6.0,,33.0,64.0,23.0,6.0,98.71175523349437,104.85698866702644,0.6158536585365854,0.7112676056338029,0.9166666666666666,0.21818181818181817,,0.2,0.21818181818181817,0.5521885521885522,0.6545454545454545,0.4878048780487805,0.5170454545454546,0.5901639344262295,0.45098039215686275,0.5518134715025906,0.6338028169014085,0.5338983050847458,0.15625,,0.09090909090909091,0.08108108108108109,0.12389380530973451,0.027777777777777776,,21.50588235294118,0.5352112676056338,0.24444444444444444,0.1908713692946058,0.07011686143572621,0.1652892561983471,0.05448717948717949,0.17988165680473372,0.06476399560922064,0.11046511627906977,0.0759493670886076,0.06302521008403361,0.1746987951807229,0.20481927710843373,0.19333333333333333,0.17747440273037543,0.11428571428571428,0.041379310344827586,0.42045454545454547,0.6824324324324325,0.7426470588235294,0.5445544554455446,0.3210227272727273,0.4247787610619469,0.48484848484848486,0.75,0.10227272727272728,0.4166666666666667,0.42857142857142855,0.6666666666666666,0.028409090909090908,0.5,0.5,1.0,0.1278409090909091,0.15555555555555556,0.15555555555555556,0.8571428571428571,0.639344262295082,0.7948717948717948,0.25806451612903225,,,,0.09836065573770492,,,0.3137254901960784,0.625,0.0392156862745098,0.5,0.1568627450980392,0.125,0.5767045454545454,0.15555555555555556,0.5031908831908832,0.5479891304347826,0.4606392156862745,0.09736842105263158,0.11384615384615385,0.2112676056338028,0.14788732394366197,6.167003367003367,24.64181818181818,0.30434782608695654,0.25396825396825395,0.2857142857142857,0.23809523809523808,0.1610305958132045,44.0,,1.0,22.0,19.0,1.0,1.0,0.02631578947368421,0.02702702702702703,0.59375,,,,,,,,2.0,,,1.0,2.0,,,,,,,2022
1629481,1611661321,Arike Ogunbowale,Arike Ogunbowale,1629481,DAL,56463.0,30,941,2.0,1874,1859,379.0,418.0,261.0,3733,45.0,78.0,5.0,6.0,6.0,12.0,44.0,113.0,32.0,83.0,12.0,28.0,,,1.0,5.0,71.0,208.0,7.0,22.0,20.0,53.0,121.0,274.0,83.0,236.0,99.0,590.0,1971,15.0,25.0,7.0,22.0,15.0,66.0,20.0,52.0,21.0,58.0,36.0,139.0,74.0,168.0,180.0,69.0,207.0,71.0,10.0,,73.0,35.0,108.0,25.0,10.0,50.0,15.0,8.0,251.0,10.0,7.0,35.0,44.0,1.0,80.0,18.0,98.0,9.0,45.0,25.0,20.0,28.0,6.0,16.0,26.0,5.0,12.0,1.0,54.0,7.0,8.0,14.0,65.0,4.0,2.0,9.0,98.0,3.0,6.0,124.0,12.0,1.0,48.0,3.0,15.0,2.0,2.0,3.0,524.0,134.0,373.0,7.0,11.0,,22.0,11.0,9.0,,105.2828175026681,106.02474448628296,0.30578512396694213,0.31092436974789917,0.7228915662650602,0.3516949152542373,0.3181818181818182,0.3620689655172414,0.35319148936170214,0.4416058394160584,0.6,0.38461538461538464,0.48137254901960785,0.5425531914893617,0.4681818181818182,0.5221631205673759,0.6226415094339622,0.5346153846153846,0.4627450980392157,,0.0364963503649635,0.05128205128205128,0.04424778761061947,0.012048192771084338,,28.439944776806257,0.5185185185185185,0.019230769230769232,0.0854368932038835,0.01289134438305709,0.12152777777777778,0.026041666666666668,0.09838107098381071,0.018338727076591153,0.0058823529411764705,0.017777777777777778,0.022222222222222223,0.07142857142857142,0.07964601769911504,0.10738255033557047,0.10638297872340426,0.18867924528301888,0.031141868512110725,0.15294117647058825,0.5769230769230769,0.6081081081081081,0.4,0.22156862745098038,0.3893805309734513,0.4074074074074074,0.13636363636363635,0.1627450980392157,0.3855421686746988,0.3902439024390244,0.40625,0.054901960784313725,0.42857142857142855,0.42857142857142855,0.9166666666666666,0.40784313725490196,0.34134615384615385,0.34134615384615385,0.6901408450704225,0.1276595744680851,0.8333333333333334,0.4,,,,0.46808510638297873,0.3181818181818182,1.0,0.10909090909090909,0.5,0.045454545454545456,0.2,0.4818181818181818,0.37735849056603776,0.615686274509804,0.34299516908212563,0.48761611001964633,0.4780094594594595,0.45661972477064217,0.09124087591240876,0.15483870967741936,0.11186440677966102,0.23559322033898306,9.543065693430657,25.25677966101695,0.24242424242424243,0.4117647058823529,0.39215686274509803,0.3741496598639456,0.2022411953041622,4.0,1.0,,,3.0,,,0.013513513513513514,0.043478260869565216,1.0,,1.0,,1.0,1.0,0.008403361344537815,1.0,,0.01818181818181818,,,1.0,,,2.0,,,,2022
1629491,1611661324,Jessica Shepard,Jessica Shepard,1629491,MIN,56434.0,36,941,-89.0,1845,1845,363.0,354.0,229.0,3690,73.0,120.0,12.0,21.0,22.0,30.0,24.0,55.0,5.0,17.0,2.0,4.0,,,,,4.0,19.0,1.0,3.0,1.0,4.0,102.0,192.0,6.0,23.0,69.0,291.0,1971,16.0,30.0,1.0,3.0,16.0,51.0,25.0,43.0,1.0,4.0,28.0,81.0,160.0,44.0,15.0,3.0,19.0,4.0,29.0,,76.0,31.0,107.0,24.0,7.0,46.0,13.0,17.0,245.0,21.0,50.0,70.0,113.0,11.0,194.0,72.0,266.0,9.0,14.0,9.0,5.0,36.0,8.0,29.0,26.0,4.0,7.0,5.0,62.0,6.0,9.0,29.0,75.0,2.0,13.0,6.0,83.0,11.0,3.0,94.0,14.0,,48.0,,6.0,12.0,6.0,12.0,240.0,81.0,352.0,7.0,6.0,2.0,20.0,30.0,17.0,,102.00542005420054,106.82926829268293,0.7843137254901961,0.8421052631578947,0.8333333333333334,0.2608695652173913,0.3333333333333333,0.25,0.2608695652173913,0.53125,0.5333333333333333,0.5813953488372093,0.5162790697674419,0.5303030303030303,0.5638297872340425,0.5705882352941176,0.6071428571428571,0.6328125,0.10697674418604651,,0.15104166666666666,0.15833333333333333,0.16363636363636364,0.058823529411764705,,15.088053307948595,0.5806451612903226,0.28205128205128205,0.21523809523809523,0.0880281690140845,0.18421052631578946,0.07894736842105263,0.2022099447513812,0.08513189448441247,0.10674157303370786,0.08256880733944955,0.0779816513761468,0.11464968152866242,0.271889400921659,0.23841059602649006,0.17845117845117844,0.20481927710843373,0.11842105263157894,0.5581395348837209,0.6083333333333333,0.7227722772277227,0.7945205479452054,0.2558139534883721,0.43636363636363634,0.5217391304347826,0.75,0.07906976744186046,0.29411764705882354,0.3125,0.8,0.018604651162790697,0.5,0.5,1.0,0.08837209302325581,0.21052631578947367,0.21052631578947367,0.75,0.6363636363636364,0.5714285714285714,0.4166666666666667,,,,0.09090909090909091,0.3333333333333333,1.0,0.6382978723404256,0.7333333333333333,,,0.0851063829787234,0.25,0.6651162790697674,0.21052631578947367,0.5324353488372093,0.5506791666666667,0.5337702127659575,0.1927710843373494,0.21238938053097345,0.17525773195876287,0.27835051546391754,4.935416666666667,24.70434782608696,0.40425531914893614,0.4,0.2727272727272727,0.1875,0.1967479674796748,14.0,,,6.0,5.0,,2.0,0.0755813953488372,0.08333333333333333,0.4166666666666667,,,,,,,1.0,1.0,0.01639344262295082,,,,,,,,,,2022
1627675,1611661323,Courtney Williams,Courtney Williams,1627675,CON,56420.0,34,940,209.0,1872,1865,350.0,284.0,250.0,3737,24.0,47.0,2.0,6.0,3.0,5.0,41.0,84.0,78.0,191.0,7.0,19.0,1.0,1.0,2.0,3.0,15.0,46.0,2.0,7.0,2.0,12.0,143.0,322.0,22.0,65.0,27.0,379.0,1810,14.0,33.0,3.0,8.0,4.0,41.0,17.0,44.0,4.0,15.0,9.0,55.0,168.0,118.0,60.0,6.0,45.0,15.0,8.0,,76.0,35.0,111.0,25.0,10.0,47.0,22.0,7.0,257.0,11.0,19.0,61.0,65.0,,126.0,30.0,156.0,11.0,33.0,20.0,13.0,36.0,8.0,31.0,21.0,4.0,5.0,6.0,57.0,3.0,11.0,27.0,54.0,1.0,3.0,,38.0,3.0,5.0,36.0,2.0,,16.0,,3.0,14.0,3.0,14.0,338.0,53.0,341.0,5.0,2.0,,13.0,6.0,1.0,2.0,107.8525641025641,97.05093833780161,0.5874125874125874,0.5957446808510638,0.9090909090909091,0.3384615384615385,0.375,0.26666666666666666,0.34375,0.4440993788819876,0.42424242424242425,0.38636363636363635,0.45478036175710596,0.45121951219512196,0.3898305084745763,0.46905940594059403,0.4659090909090909,0.4296875,0.16795865633074936,,0.024844720496894408,0.06382978723404255,0.03571428571428571,0.010471204188481676,,21.205151793928245,0.631578947368421,,0.1262135922330097,0.03198653198653199,0.17579250720461095,0.04365079365079365,0.14617169373549885,0.03546099290780142,0.027649769585253458,0.0392156862745098,0.05291005291005291,0.0962566844919786,0.12571428571428572,0.16339869281045752,0.17832167832167833,0.16393442622950818,0.05314009661835749,0.12144702842377261,0.5106382978723404,0.5454545454545454,0.5,0.21705426356589147,0.4880952380952381,0.5061728395061729,0.6585365853658537,0.4935400516795866,0.4083769633507853,0.4126984126984127,0.5769230769230769,0.04909560723514212,0.3684210526315789,0.3684210526315789,1.0,0.11886304909560723,0.32608695652173914,0.32608695652173914,0.8666666666666667,0.14634146341463414,0.3333333333333333,,0.024390243902439025,1.0,1.0,0.17073170731707318,0.2857142857142857,,0.0847457627118644,0.6,0.05084745762711865,0.6666666666666666,0.2033898305084746,0.16666666666666666,0.28940568475452194,0.3333333333333333,0.44139028497409327,0.40825945945945946,0.4307370689655172,0.0399002493765586,0.047619047619047616,0.10817941952506596,0.14511873350923482,13.590372670807454,24.62461538461538,0.4782608695652174,0.4186046511627907,0.29906542056074764,0.35,0.18696581196581197,4.0,2.0,2.0,11.0,5.0,,,0.028901734104046242,0.015873015873015872,0.35714285714285715,,1.0,,,,,,,,,,,,3.0,,,,,2022
1628927,1611661325,Victoria Vivians,Victoria Vivians,1628927,IND,56392.0,35,940,-250.0,1886,1896,352.0,500.0,261.0,3782,22.0,50.0,2.0,6.0,3.0,10.0,25.0,61.0,35.0,107.0,,21.0,,6.0,,4.0,44.0,136.0,7.0,17.0,3.0,18.0,82.0,218.0,44.0,157.0,46.0,342.0,2055,6.0,20.0,7.0,23.0,2.0,35.0,10.0,32.0,3.0,22.0,15.0,44.0,96.0,68.0,129.0,3.0,136.0,44.0,20.0,2.0,62.0,23.0,85.0,16.0,7.0,37.0,17.0,8.0,193.0,7.0,14.0,42.0,53.0,7.0,102.0,23.0,125.0,4.0,37.0,31.0,6.0,44.0,12.0,36.0,28.0,4.0,8.0,6.0,72.0,9.0,17.0,36.0,83.0,2.0,2.0,3.0,58.0,5.0,4.0,62.0,6.0,,27.0,1.0,6.0,9.0,2.0,9.0,307.0,41.0,345.0,8.0,2.0,3.0,19.0,32.0,32.0,,95.7051961823966,108.38607594936708,0.5853658536585366,0.6075949367088608,0.9772727272727273,0.2802547770700637,0.30434782608695654,0.13636363636363635,0.2802547770700637,0.3761467889908257,0.3,0.3125,0.39466666666666667,0.38372093023255816,0.26851851851851855,0.42431761786600497,0.3977272727272727,0.34375,0.4186666666666667,0.012738853503184714,0.09174311926605505,0.16,0.16393442622950818,0.018691588785046728,0.014705882352941176,21.73314993122421,0.6111111111111112,0.12962962962962962,0.1017274472168906,0.022082018927444796,0.12804878048780488,0.022508038585209004,0.11189634864546526,0.022222222222222223,0.013636363636363636,0.02252252252252252,0.016,0.13612565445026178,0.09178743961352658,0.06504065040650407,0.11320754716981132,0.19047619047619047,0.018018018018018018,0.13333333333333333,0.44,0.5238095238095238,0.45454545454545453,0.16266666666666665,0.4098360655737705,0.49019607843137253,0.64,0.2853333333333333,0.32710280373831774,0.3333333333333333,0.6285714285714286,0.056,,,,0.3626666666666667,0.3235294117647059,0.3283582089552239,0.9772727272727273,0.13953488372093023,0.3333333333333333,,0.13953488372093023,,,0.3953488372093023,0.4117647058823529,1.0,0.18518518518518517,0.3,0.07407407407407407,,0.3333333333333333,0.16666666666666666,0.552,0.3235294117647059,0.4712226666666666,0.4911290322580645,0.4521388888888889,0.07052896725440806,0.11297071129707113,0.1023391812865497,0.1286549707602339,11.84770642201835,25.32356687898089,0.5384615384615384,0.29411764705882354,0.23943661971830985,0.26785714285714285,0.18663838812301167,6.0,,3.0,6.0,6.0,2.0,5.0,0.03125,0.04918032786885246,0.6666666666666666,,,,,,0.006329113924050633,2.0,,0.038461538461538464,,1.0,,1.0,,1.0,,,,2022
203825,1611661324,Kayla McBride,Kayla McBride,203825,MIN,55377.0,31,923,3.0,1817,1806,331.0,329.0,228.0,3623,35.0,57.0,4.0,7.0,11.0,16.0,20.0,52.0,35.0,97.0,15.0,29.0,2.0,3.0,,1.0,32.0,103.0,5.0,11.0,8.0,21.0,90.0,206.0,47.0,132.0,90.0,411.0,1945,12.0,30.0,7.0,14.0,6.0,51.0,17.0,36.0,8.0,22.0,41.0,99.0,144.0,36.0,141.0,,101.0,32.0,8.0,,46.0,18.0,64.0,13.0,5.0,27.0,15.0,4.0,146.0,4.0,11.0,39.0,30.0,2.0,71.0,16.0,87.0,10.0,32.0,25.0,7.0,34.0,7.0,24.0,11.0,3.0,10.0,1.0,45.0,3.0,5.0,13.0,43.0,,2.0,,74.0,1.0,7.0,99.0,8.0,10.0,27.0,5.0,14.0,2.0,1.0,2.0,360.0,84.0,319.0,6.0,6.0,,6.0,5.0,9.0,,107.20968629609246,107.69656699889259,0.8,0.8181818181818182,1.0,0.3560606060606061,0.5,0.36363636363636365,0.36153846153846153,0.4368932038834951,0.4,0.4722222222222222,0.47485207100591714,0.5113636363636364,0.5,0.5346666666666666,0.5666666666666667,0.631578947368421,0.3905325443786982,,0.038834951456310676,0.05263157894736842,0.09615384615384616,,,20.27027027027027,0.7555555555555555,0.04081632653061224,0.05893909626719057,0.02040816326530612,0.10540540540540541,0.015151515151515152,0.07849829351535836,0.0186799501867995,0.03205128205128205,0.013452914798206279,0.013043478260869565,0.051470588235294115,0.046948356807511735,0.08125,0.08680555555555555,0.17073170731707318,0.05319148936170213,0.16863905325443787,0.6140350877192983,0.6481481481481481,0.7142857142857143,0.15384615384615385,0.38461538461538464,0.425531914893617,0.85,0.2869822485207101,0.36082474226804123,0.36082474226804123,0.8571428571428571,0.08579881656804733,0.5172413793103449,0.5172413793103449,1.0,0.3047337278106509,0.3106796116504854,0.3106796116504854,1.0,0.1590909090909091,0.5714285714285714,0.5,0.06818181818181818,0.6666666666666666,1.0,0.25,0.45454545454545453,1.0,0.27586206896551724,0.6875,0.017241379310344827,,0.3620689655172414,0.38095238095238093,0.5591715976331361,0.31683168316831684,0.48452946428571425,0.44987567567567566,0.4810267857142857,0.0886426592797784,0.12,0.12408759124087591,0.24087591240875914,11.25,25.00151515151515,0.47619047619047616,0.4375,0.32786885245901637,0.25609756097560976,0.182168409466153,4.0,,,1.0,2.0,,,0.01875,0.029411764705882353,1.0,,2.0,1.0,,,0.03676470588235294,1.0,,0.021739130434782608,,,1.0,,,,,,,2022
1628279,1611661320,Brittney Sykes,Brittney Sykes,1628279,LAS,55278.0,32,921,-166.0,1852,1846,445.0,389.0,184.0,3698,81.0,114.0,6.0,7.0,16.0,26.0,22.0,76.0,35.0,109.0,5.0,17.0,1.0,3.0,,2.0,9.0,35.0,,3.0,3.0,14.0,138.0,299.0,14.0,52.0,87.0,405.0,1957,9.0,18.0,1.0,6.0,3.0,24.0,28.0,62.0,3.0,16.0,40.0,105.0,108.0,168.0,42.0,,34.0,9.0,13.0,,83.0,35.0,118.0,26.0,9.0,51.0,17.0,15.0,271.0,9.0,13.0,41.0,49.0,4.0,94.0,23.0,117.0,2.0,65.0,45.0,20.0,45.0,19.0,40.0,39.0,5.0,5.0,5.0,84.0,,19.0,33.0,84.0,,3.0,5.0,100.0,2.0,16.0,113.0,9.0,,45.0,,15.0,22.0,5.0,22.0,381.0,101.0,436.0,12.0,11.0,,39.0,29.0,28.0,1.0,96.7062634989201,106.01300108342362,0.391304347826087,0.40601503759398494,1.0,0.2692307692307692,0.16666666666666666,0.1875,0.27450980392156865,0.46153846153846156,0.5,0.45161290322580644,0.452991452991453,0.4375,0.4166666666666667,0.503731343283582,0.48,0.5,0.14814814814814814,,0.043478260869565216,0.02631578947368421,0.13157894736842105,,,23.580786026200872,0.5357142857142857,0.0975609756097561,0.09898989898989899,0.02159468438538206,0.1353135313531353,0.038135593220338986,0.11278195488721804,0.026252983293556086,0.012658227848101266,0.025,0.04081632653061224,0.06172839506172839,0.09004739336492891,0.16393442622950818,0.16216216216216217,0.06172839506172839,0.011299435028248588,0.3247863247863248,0.7105263157894737,0.7297297297297297,0.3950617283950617,0.21652421652421652,0.2894736842105263,0.3333333333333333,0.3181818181818182,0.31054131054131057,0.3211009174311927,0.3211009174311927,0.42857142857142855,0.04843304843304843,0.29411764705882354,0.29411764705882354,1.0,0.09971509971509972,0.2571428571428571,0.2571428571428571,1.0,0.2916666666666667,0.8571428571428571,0.16666666666666666,0.125,0.3333333333333333,1.0,0.125,,,0.3333333333333333,0.6153846153846154,0.02564102564102564,,0.1794871794871795,0.21428571428571427,0.47293447293447294,0.2647058823529412,0.48039083094555873,0.45201875,0.4510214285714286,0.11627906976744186,0.13432835820895522,0.05925925925925926,0.25925925925925924,9.37056856187291,25.084615384615386,0.3125,0.24074074074074073,0.1111111111111111,0.28125,0.24028077753779697,10.0,3.0,2.0,17.0,16.0,2.0,2.0,0.024509803921568627,0.025,0.7272727272727273,,1.0,,,,,1.0,,0.018867924528301886,,,,1.0,,,,,,2022
1628931,1611661328,Gabby Williams,Gabby Williams,1628931,SEA,55200.0,36,920,180.0,1833,1845,285.0,285.0,197.0,3678,64.0,96.0,13.0,18.0,12.0,17.0,20.0,47.0,6.0,30.0,3.0,25.0,1.0,3.0,1.0,5.0,15.0,45.0,1.0,6.0,2.0,7.0,90.0,173.0,18.0,70.0,35.0,269.0,1795,15.0,25.0,2.0,9.0,3.0,39.0,15.0,28.0,3.0,12.0,9.0,48.0,102.0,78.0,45.0,9.0,45.0,15.0,10.0,,70.0,41.0,111.0,29.0,12.0,33.0,24.0,13.0,263.0,16.0,26.0,64.0,66.0,6.0,136.0,43.0,179.0,3.0,54.0,41.0,13.0,32.0,11.0,21.0,20.0,1.0,11.0,1.0,52.0,5.0,7.0,26.0,59.0,3.0,1.0,2.0,51.0,3.0,6.0,45.0,9.0,,24.0,,2.0,13.0,8.0,13.0,230.0,48.0,281.0,4.0,2.0,,12.0,13.0,5.0,,107.74686306601201,97.289972899729,0.5666666666666667,0.6296296296296297,0.8333333333333334,0.2571428571428571,0.2222222222222222,0.25,0.2571428571428571,0.5202312138728323,0.6,0.5357142857142857,0.48148148148148145,0.5294117647058824,0.4875,0.5173076923076924,0.5571428571428572,0.5333333333333333,0.2880658436213992,,0.057803468208092484,0.07291666666666667,0.06382978723404255,,,15.256723716381419,0.6153846153846154,0.1935483870967742,0.1213235294117647,0.05295315682281059,0.2,0.043010752688172046,0.15046296296296297,0.04866743916570104,0.08148148148148149,0.03333333333333333,0.04794520547945205,0.08609271523178808,0.12213740458015267,0.16030534351145037,0.21621621621621623,0.13114754098360656,0.024390243902439025,0.3950617283950617,0.6666666666666666,0.7191011235955056,0.578125,0.1934156378600823,0.425531914893617,0.45454545454545453,0.6,0.12345679012345678,0.2,0.2,0.3333333333333333,0.102880658436214,0.12,0.12,1.0,0.18518518518518517,0.3333333333333333,0.3333333333333333,0.8,0.5294117647058824,0.7222222222222222,0.15384615384615385,0.08823529411764706,0.3333333333333333,1.0,0.17647058823529413,0.16666666666666666,,0.425,0.7058823529411765,0.125,0.2,0.175,0.2857142857142857,0.6831275720164609,0.3333333333333333,0.5308263374485597,0.52473,0.5147700000000001,0.09302325581395349,0.1276595744680851,0.1449814126394052,0.17843866171003717,6.524277456647399,24.264285714285716,0.25,0.37037037037037035,0.125,0.1,0.15548281505728315,18.0,1.0,,5.0,8.0,,,0.0547945205479452,0.025,0.6153846153846154,,,,,,,1.0,,0.038461538461538464,,,,,,,,,,2022
1628280,1611661323,Brionna Jones,Brionna Jones,1628280,CON,54580.0,36,910,200.0,1827,1821,503.0,442.0,271.0,3648,144.0,216.0,37.0,59.0,40.0,58.0,32.0,75.0,10.0,30.0,,,,,,,,6.0,,2.0,,3.0,186.0,321.0,,6.0,124.0,496.0,1783,38.0,69.0,,2.0,23.0,99.0,53.0,86.0,,3.0,45.0,151.0,258.0,114.0,,,5.0,,29.0,,31.0,13.0,44.0,12.0,1.0,18.0,3.0,10.0,101.0,24.0,70.0,24.0,59.0,7.0,90.0,95.0,185.0,18.0,44.0,31.0,13.0,21.0,4.0,11.0,33.0,4.0,10.0,4.0,54.0,9.0,10.0,40.0,94.0,2.0,8.0,18.0,125.0,10.0,6.0,147.0,13.0,,70.0,,10.0,13.0,1.0,13.0,397.0,149.0,492.0,9.0,9.0,3.0,15.0,31.0,26.0,12.0,108.53858784893268,97.91323448654585,0.6935483870967742,0.8164556962025317,,,,,,0.5794392523364486,0.5507246376811594,0.6162790697674418,0.5688073394495413,0.5352112676056338,0.5955056179775281,0.6294416243654822,0.5689655172413793,0.6801801801801802,0.01834862385321101,,0.09034267912772585,0.09259259259259259,0.12,,,20.905272981801215,0.3888888888888889,0.16666666666666666,0.125,0.12389380530973451,0.07547169811320754,0.10762331838565023,0.10506329113924051,0.11928934010152284,0.1375,0.11229946524064172,0.12429378531073447,0.10429447852760736,0.16279069767441862,0.10218978102189781,0.076,0.07352941176470588,0.1651376146788991,0.6605504587155964,0.6666666666666666,0.7346938775510204,0.6597222222222222,0.22935779816513763,0.4266666666666667,0.48484848484848486,0.75,0.09174311926605505,0.3333333333333333,0.3333333333333333,1.0,,,,,0.01834862385321101,,,,0.8309859154929577,0.6271186440677966,0.1891891891891892,,,,0.028169014084507043,,,0.651685393258427,0.6896551724137931,,,0.033707865168539325,,0.6788990825688074,,0.5513414110429448,0.5819099999999999,0.5331198863636364,0.18229166666666666,0.18518518518518517,0.19959677419354838,0.30443548387096775,4.626168224299065,28.400000000000002,0.4583333333333333,0.35714285714285715,0.25,,0.2753147235905857,56.0,,2.0,11.0,4.0,2.0,,0.11594202898550725,0.043478260869565216,0.3076923076923077,,1.0,,,,,1.0,,0.0196078431372549,,1.0,2.0,1.0,,,,,,2022
1629567,1611661323,Natisha Hiedeman,Natisha Hiedeman,1629567,CON,54393.0,36,907,228.0,1800,1782,341.0,276.0,253.0,3582,28.0,50.0,1.0,3.0,5.0,9.0,18.0,44.0,3.0,12.0,14.0,35.0,5.0,8.0,1.0,6.0,55.0,133.0,4.0,12.0,9.0,27.0,49.0,106.0,69.0,168.0,24.0,329.0,1735,5.0,10.0,9.0,20.0,2.0,39.0,11.0,22.0,10.0,33.0,13.0,65.0,20.0,78.0,180.0,27.0,132.0,55.0,5.0,3.0,89.0,29.0,118.0,15.0,14.0,49.0,24.0,16.0,265.0,2.0,4.0,34.0,21.0,2.0,57.0,6.0,63.0,2.0,42.0,27.0,15.0,31.0,12.0,22.0,16.0,3.0,9.0,,47.0,2.0,10.0,37.0,66.0,,2.0,,38.0,2.0,9.0,30.0,6.0,,12.0,,6.0,4.0,3.0,4.0,290.0,63.0,335.0,4.0,5.0,,34.0,33.0,6.0,,109.05555555555556,97.36251402918069,0.20408163265306123,0.20408163265306123,0.8695652173913043,0.4107142857142857,0.45,0.30303030303030304,0.41317365269461076,0.46226415094339623,0.5,0.5,0.5565693430656934,0.6166666666666667,0.4727272727272727,0.5751748251748252,0.6290322580645161,0.5241935483870968,0.6131386861313869,0.017857142857142856,0.04716981132075472,0.06,0.045454545454545456,,0.015037593984962405,15.864697474988091,0.6595744680851063,0.06060606060606061,0.04276985743380855,0.007079646017699115,0.10625,0.008064516129032258,0.06781750924784218,0.007380073800738007,0.008849557522123894,0.010101010101010102,0.01015228426395939,0.0273224043715847,0.047058823529411764,0.057971014492753624,0.08846153846153847,0.18333333333333332,0.014084507042253521,0.18248175182481752,0.56,0.5957446808510638,0.25,0.16058394160583941,0.4090909090909091,0.42857142857142855,0.16666666666666666,0.043795620437956206,0.25,0.25,,0.12773722627737227,0.4,0.4117647058823529,1.0,0.4854014598540146,0.41353383458646614,0.4198473282442748,0.8363636363636363,0.1,0.3333333333333333,,0.26666666666666666,0.625,1.0,0.4,0.3333333333333333,0.75,0.16363636363636364,0.5555555555555556,0.10909090909090909,0.16666666666666666,0.4909090909090909,0.3333333333333333,0.7956204379562044,0.4166666666666667,0.5261364468864469,0.49969375,0.5041203703703704,0.04285714285714286,0.10714285714285714,0.11854103343465046,0.19756838905775076,6.3613207547169806,24.984523809523807,0.5,0.38461538461538464,0.2222222222222222,0.2826086956521739,0.18944444444444444,,1.0,1.0,,3.0,,,,,0.75,,1.0,,,,,,,,,1.0,,2.0,,1.0,0.02857142857142857,,,2022
201496,1611661329,Candace Parker,Candace Parker,201496,CHI,54213.0,32,904,180.0,1799,1785,240.0,247.0,187.0,3584,62.0,91.0,14.0,21.0,10.0,12.0,41.0,80.0,14.0,41.0,3.0,8.0,,,,1.0,39.0,127.0,2.0,10.0,3.0,13.0,117.0,212.0,42.0,135.0,62.0,422.0,1769,17.0,31.0,2.0,10.0,9.0,49.0,14.0,27.0,3.0,14.0,22.0,59.0,154.0,80.0,120.0,6.0,127.0,39.0,10.0,1.0,109.0,36.0,145.0,25.0,11.0,78.0,23.0,8.0,326.0,11.0,19.0,49.0,184.0,12.0,245.0,30.0,275.0,3.0,31.0,22.0,9.0,48.0,14.0,34.0,30.0,2.0,14.0,4.0,78.0,2.0,11.0,35.0,70.0,1.0,3.0,8.0,81.0,3.0,2.0,76.0,13.0,2.0,32.0,1.0,9.0,31.0,10.0,31.0,373.0,55.0,225.0,3.0,7.0,,24.0,9.0,19.0,2.0,108.33796553640913,99.10364145658262,0.6581196581196581,0.7403846153846154,0.9523809523809523,0.3111111111111111,0.2,0.21428571428571427,0.3111111111111111,0.5518867924528302,0.5483870967741935,0.5185185185185185,0.5187319884726225,0.4878048780487805,0.45121951219512196,0.5585106382978723,0.5444444444444444,0.5566037735849056,0.38904899135446686,0.007407407407407408,0.04716981132075472,0.054945054945054944,0.0625,,0.007874015748031496,22.564612326043736,0.6153846153846154,0.41379310344827586,0.29821717990275526,0.041304347826086954,0.19215686274509805,0.03374233128834356,0.2672018348623853,0.03816793893129771,0.06818181818181818,0.017142857142857144,0.03308823529411765,0.25416666666666665,0.33488372093023255,0.3148148148148148,0.18932038834951456,0.20408163265306123,0.01818181818181818,0.2622478386167147,0.6813186813186813,0.7209302325581395,0.6774193548387096,0.23054755043227665,0.5125,0.5466666666666666,0.5853658536585366,0.11815561959654179,0.34146341463414637,0.34146341463414637,0.7857142857142857,0.023054755043227664,0.375,0.375,1.0,0.3659942363112392,0.30708661417322836,0.30952380952380953,0.9487179487179487,0.5121951219512195,0.6666666666666666,0.07142857142857142,,,,0.24390243902439024,0.2,1.0,0.2926829268292683,0.8333333333333334,0.024390243902439025,,0.3170731707317073,0.23076923076923078,0.6512968299711815,0.30708661417322836,0.4987344927536232,0.5353729166666666,0.44541585365853653,0.08991825613079019,0.13852813852813853,0.11611374407582939,0.13981042654028436,7.6099056603773585,24.626666666666665,0.3103448275862069,0.21621621621621623,0.18181818181818182,0.26136363636363635,0.13340744858254586,26.0,,3.0,21.0,22.0,,,0.03669724770642202,0.037037037037037035,0.7096774193548387,,,,,,0.007352941176470588,,,,,,1.0,,,,,,,2022
204324,1611661319,Dearica Hamby,Dearica Hamby,204324,LVA,54073.0,34,901,206.0,1836,1832,378.0,240.0,163.0,3668,79.0,124.0,12.0,19.0,19.0,26.0,20.0,49.0,1.0,3.0,5.0,33.0,,4.0,2.0,8.0,11.0,40.0,1.0,3.0,1.0,7.0,100.0,176.0,16.0,73.0,67.0,315.0,1837,13.0,27.0,1.0,7.0,11.0,40.0,23.0,33.0,3.0,15.0,22.0,77.0,154.0,46.0,48.0,,39.0,11.0,29.0,,16.0,22.0,38.0,18.0,4.0,10.0,3.0,3.0,98.0,18.0,26.0,72.0,115.0,5.0,192.0,48.0,240.0,7.0,36.0,27.0,9.0,18.0,3.0,6.0,32.0,3.0,12.0,11.0,50.0,5.0,8.0,24.0,68.0,3.0,6.0,10.0,68.0,7.0,2.0,93.0,7.0,,44.0,,6.0,4.0,1.0,5.0,275.0,75.0,372.0,2.0,5.0,,43.0,22.0,22.0,,111.27450980392157,100.27292576419214,0.77,0.8555555555555555,1.0,0.2191780821917808,0.14285714285714285,0.2,0.2222222222222222,0.5681818181818182,0.48148148148148145,0.696969696969697,0.4979919678714859,0.4264705882352941,0.5729166666666666,0.5393835616438356,0.4878048780487805,0.6311475409836066,0.2931726907630522,,0.16477272727272727,0.14516129032258066,0.22448979591836735,,,16.90558576371725,0.36,0.19230769230769232,0.22772277227722773,0.05485232067510549,0.18848167539267016,0.0547112462006079,0.21082299887260428,0.0547945205479452,0.08280254777070063,0.02912621359223301,0.06299212598425197,0.19402985074626866,0.2175925925925926,0.2709677419354839,0.19314641744548286,0.16393442622950818,0.06930693069306931,0.4979919678714859,0.6370967741935484,0.7452830188679245,0.759493670886076,0.19678714859437751,0.40816326530612246,0.5263157894736842,0.85,0.012048192771084338,0.3333333333333333,0.3333333333333333,,0.13253012048192772,0.15151515151515152,0.15151515151515152,1.0,0.1606425702811245,0.275,0.275,1.0,0.5588235294117647,0.631578947368421,0.16666666666666666,0.11764705882352941,,,0.08823529411764706,0.3333333333333333,1.0,0.5416666666666666,0.7307692307692307,0.16666666666666666,0.25,0.14583333333333334,0.14285714285714285,0.7911646586345381,0.28205128205128205,0.5586110887096775,0.525806,0.5628822916666667,0.15384615384615385,0.20657276995305165,0.12698412698412698,0.24444444444444444,3.596590909090909,24.391780821917806,0.4,0.39285714285714285,,0.21818181818181817,0.20588235294117646,20.0,,,3.0,4.0,,,0.06306306306306306,0.02666666666666667,0.8,,1.0,,1.0,,,4.0,2.0,0.0975609756097561,1.0,,,,,,,,,2022
201516,1611661329,Allie Quigley,Allie Quigley,201516,CHI,53686.0,34,895,155.0,1782,1783,233.0,241.0,172.0,3565,30.0,48.0,3.0,4.0,4.0,8.0,38.0,81.0,12.0,34.0,12.0,28.0,,2.0,1.0,4.0,38.0,113.0,2.0,11.0,4.0,12.0,80.0,163.0,50.0,141.0,76.0,386.0,1808,12.0,23.0,2.0,13.0,9.0,39.0,8.0,21.0,5.0,16.0,24.0,55.0,120.0,40.0,132.0,18.0,111.0,38.0,8.0,2.0,67.0,30.0,97.0,23.0,7.0,47.0,12.0,8.0,224.0,6.0,12.0,22.0,45.0,1.0,68.0,18.0,86.0,10.0,24.0,20.0,4.0,26.0,7.0,21.0,19.0,,5.0,3.0,45.0,3.0,6.0,17.0,50.0,1.0,3.0,6.0,64.0,,6.0,80.0,6.0,8.0,28.0,1.0,11.0,5.0,3.0,7.0,347.0,50.0,225.0,1.0,5.0,,11.0,,7.0,,110.15712682379349,101.40213123948402,0.75,0.8,0.88,0.3546099290780142,0.15384615384615385,0.3125,0.3597122302158273,0.49079754601226994,0.5217391304347826,0.38095238095238093,0.5098684210526315,0.4166666666666667,0.4189189189189189,0.5591715976331361,0.47560975609756095,0.5612244897959183,0.46381578947368424,0.014184397163120567,0.049079754601226995,0.041666666666666664,0.07407407407407407,,0.017699115044247787,19.201616978271854,0.5777777777777777,0.03125,0.07317073170731707,0.02569593147751606,0.08560311284046693,0.019417475728155338,0.0768348623853211,0.023195876288659795,0.017241379310344827,0.043243243243243246,0.019305019305019305,0.08433734939759036,0.06787330316742081,0.06206896551724138,0.0891089108910891,0.07272727272727272,0.06289308176100629,0.15789473684210525,0.625,0.6521739130434783,0.8666666666666667,0.26644736842105265,0.4691358024691358,0.5066666666666667,0.6578947368421053,0.1118421052631579,0.35294117647058826,0.35294117647058826,0.75,0.09210526315789473,0.42857142857142855,0.42857142857142855,1.0,0.3717105263157895,0.336283185840708,0.34234234234234234,0.8421052631578947,0.1111111111111111,0.75,0.3333333333333333,0.05555555555555555,,,0.3055555555555556,0.18181818181818182,1.0,0.21621621621621623,0.5,0.10810810810810811,0.25,0.32432432432432434,0.3333333333333333,0.6217105263157895,0.34234234234234234,0.49644867549668875,0.4608285714285714,0.4766138888888889,0.08868501529051988,0.15135135135135136,0.10103626943005181,0.14248704663212436,8.541104294478528,24.45602836879433,0.3333333333333333,0.35714285714285715,0.38095238095238093,0.29545454545454547,0.1307519640852974,10.0,1.0,,2.0,3.0,,,0.009259259259259259,0.02,0.42857142857142855,,2.0,,2.0,2.0,0.007042253521126761,,,,,,,,,,,,,2022
1627674,1611661329,Kahleah Copper,Kahleah Copper,1627674,CHI,53487.0,31,891,171.0,1791,1789,273.0,254.0,176.0,3580,113.0,182.0,13.0,25.0,15.0,22.0,15.0,47.0,12.0,36.0,16.0,33.0,2.0,3.0,1.0,3.0,20.0,68.0,2.0,5.0,4.0,12.0,140.0,265.0,36.0,101.0,100.0,488.0,1786,16.0,32.0,4.0,8.0,11.0,55.0,17.0,28.0,5.0,15.0,24.0,73.0,190.0,90.0,108.0,,67.0,20.0,27.0,,51.0,19.0,70.0,15.0,4.0,24.0,21.0,6.0,159.0,10.0,21.0,59.0,80.0,5.0,144.0,32.0,176.0,9.0,14.0,9.0,5.0,30.0,10.0,18.0,33.0,7.0,12.0,4.0,63.0,2.0,12.0,19.0,75.0,5.0,5.0,6.0,113.0,1.0,12.0,129.0,15.0,,57.0,2.0,13.0,1.0,1.0,1.0,433.0,65.0,255.0,4.0,8.0,,38.0,11.0,28.0,3.0,109.26856504745952,99.83230855226383,0.6785714285714286,0.7307692307692307,1.0,0.3564356435643564,0.5,0.3333333333333333,0.36,0.5283018867924528,0.5,0.6071428571428571,0.5300546448087432,0.55,0.5697674418604651,0.5781990521327014,0.5978260869565217,0.6293103448275862,0.27595628415300544,,0.1018867924528302,0.12087912087912088,0.10638297872340426,,,24.2864296444667,0.47619047619047616,0.15151515151515152,0.12345679012345678,0.04565217391304348,0.23228346456692914,0.034482758620689655,0.1541019955654102,0.04133333333333333,0.06806282722513089,0.037037037037037035,0.02586206896551724,0.11654135338345864,0.09734513274336283,0.17307692307692307,0.23529411764705882,0.22,0.05625,0.4972677595628415,0.6208791208791209,0.70625,0.6902654867256637,0.1284153005464481,0.3191489361702128,0.35714285714285715,0.8666666666666667,0.09836065573770492,0.3333333333333333,0.3333333333333333,0.3333333333333333,0.09016393442622951,0.48484848484848486,0.48484848484848486,1.0,0.18579234972677597,0.29411764705882354,0.29411764705882354,1.0,0.625,0.52,0.23076923076923078,0.075,0.6666666666666666,1.0,0.125,0.4,1.0,0.5116279069767442,0.6818181818181818,0.06976744186046512,0.3333333333333333,0.27906976744186046,0.3333333333333333,0.773224043715847,0.29850746268656714,0.5631995890410959,0.5690609375,0.5492666666666667,0.14425427872860636,0.18566775244299674,0.11270491803278689,0.14959016393442623,5.015471698113207,24.150495049504947,0.3333333333333333,0.40625,0.21739130434782608,0.19047619047619047,0.152428810720268,20.0,,,,,6.0,,0.018691588785046728,0.06896551724137931,,,1.0,1.0,,,0.0196078431372549,1.0,,0.027777777777777776,,,,,,1.0,,,,2022
1630462,1611661330,Aari McDonald,Aari McDonald,1630462,ATL,52564.0,36,876,-4.0,1777,1768,471.0,507.0,215.0,3545,53.0,93.0,6.0,8.0,14.0,23.0,23.0,60.0,7.0,24.0,3.0,20.0,,1.0,2.0,6.0,45.0,122.0,7.0,16.0,10.0,28.0,83.0,177.0,48.0,142.0,88.0,398.0,1735,8.0,15.0,7.0,17.0,2.0,39.0,19.0,39.0,12.0,34.0,33.0,107.0,32.0,134.0,105.0,39.0,120.0,45.0,15.0,,55.0,38.0,93.0,30.0,8.0,29.0,14.0,12.0,224.0,3.0,12.0,34.0,29.0,3.0,66.0,15.0,81.0,7.0,53.0,39.0,14.0,47.0,12.0,28.0,29.0,4.0,19.0,5.0,76.0,5.0,22.0,26.0,78.0,3.0,3.0,3.0,104.0,,22.0,101.0,10.0,7.0,41.0,1.0,9.0,1.0,,1.0,359.0,102.0,466.0,8.0,5.0,,24.0,19.0,7.0,10.0,97.41136747326956,98.13348416289593,0.1927710843373494,0.1951219512195122,0.7291666666666666,0.3380281690140845,0.4117647058823529,0.35294117647058826,0.34285714285714286,0.4689265536723164,0.5333333333333333,0.48717948717948717,0.48589341692789967,0.578125,0.5068493150684932,0.5458333333333333,0.5909090909090909,0.5965909090909091,0.445141065830721,,0.0847457627118644,0.0967741935483871,0.08333333333333333,0.041666666666666664,,21.48148148148148,0.618421052631579,0.058823529411764705,0.060041407867494824,0.022018348623853212,0.10461538461538461,0.010380622837370242,0.07797029702970297,0.017985611510791366,0.03048780487804878,0.018604651162790697,0.013215859030837005,0.09411764705882353,0.046511627906976744,0.03546099290780142,0.09923664122137404,0.12698412698412698,0.042682926829268296,0.29153605015673983,0.5698924731182796,0.6309523809523809,0.22641509433962265,0.18808777429467086,0.38333333333333336,0.41818181818181815,0.17391304347826086,0.07523510971786834,0.2916666666666667,0.30434782608695654,,0.06269592476489028,0.15,0.15,1.0,0.3824451410658307,0.36885245901639346,0.36885245901639346,0.7111111111111111,0.25,0.75,0.5,0.03125,,,0.5,0.4375,0.5714285714285714,0.3150684931506849,0.6086956521739131,0.0821917808219178,0.3333333333333333,0.3835616438356164,0.35714285714285715,0.7366771159874608,0.375,0.5155352848101267,0.48935869565217394,0.49190208333333335,0.11965811965811966,0.1971153846153846,0.09798994974874371,0.26884422110552764,6.071186440677965,25.05070422535211,0.475,0.3333333333333333,0.29411764705882354,0.20930232558139536,0.265053460889139,2.0,,1.0,1.0,,2.0,,0.018072289156626505,,,,2.0,,,,0.006993006993006993,,,,,,,1.0,,,,,,2022
1627673,1611661323,Jonquel Jones,Jonquel Jones,1627673,CON,51956.0,33,866,252.0,1719,1708,342.0,251.0,242.0,3427,97.0,156.0,37.0,57.0,18.0,28.0,28.0,61.0,10.0,15.0,3.0,4.0,,,1.0,1.0,38.0,107.0,1.0,3.0,8.0,24.0,135.0,232.0,41.0,111.0,89.0,482.0,1607,41.0,68.0,1.0,3.0,35.0,120.0,26.0,44.0,9.0,25.0,29.0,108.0,182.0,88.0,117.0,6.0,107.0,38.0,26.0,,40.0,19.0,59.0,13.0,6.0,21.0,14.0,5.0,137.0,14.0,69.0,65.0,118.0,15.0,198.0,85.0,283.0,10.0,35.0,28.0,7.0,45.0,9.0,27.0,40.0,2.0,18.0,3.0,85.0,8.0,18.0,32.0,89.0,3.0,2.0,16.0,123.0,15.0,3.0,111.0,7.0,2.0,46.0,,12.0,37.0,5.0,38.0,362.0,106.0,336.0,3.0,11.0,,53.0,30.0,26.0,2.0,108.14426992437463,94.08665105386417,0.674074074074074,0.8584905660377359,0.9512195121951219,0.36936936936936937,0.3333333333333333,0.36,0.36936936936936937,0.5818965517241379,0.6029411764705882,0.5909090909090909,0.5728862973760933,0.5985915492957746,0.572463768115942,0.6116751269035533,0.6666666666666666,0.6206896551724138,0.3236151603498542,,0.11206896551724138,0.1282051282051282,0.09836065573770492,,,23.938030984507744,0.5294117647058824,0.40540540540540543,0.24279835390946503,0.13193116634799235,0.20249221183800623,0.055776892430278883,0.22676579925650558,0.10723514211886305,0.14832535885167464,0.13612565445026178,0.045454545454545456,0.24293785310734464,0.2727272727272727,0.20833333333333334,0.1828793774319066,0.28125,0.07246376811594203,0.45481049562682213,0.6217948717948718,0.7132352941176471,0.6597938144329897,0.17784256559766765,0.45901639344262296,0.509090909090909,0.6785714285714286,0.043731778425655975,0.6666666666666666,0.6666666666666666,0.8,0.011661807580174927,0.75,0.75,0.6666666666666666,0.3119533527696793,0.35514018691588783,0.35514018691588783,0.9736842105263158,0.8028169014084507,0.6491228070175439,0.1891891891891892,,,,0.04225352112676056,0.3333333333333333,1.0,0.4057971014492754,0.6428571428571429,0.014492753623188406,1.0,0.34782608695652173,0.3333333333333333,0.7784256559766763,0.35514018691588783,0.5465561224489796,0.5954879310344827,0.5062420289855073,0.12041884816753927,0.16974169741697417,0.24896265560165975,0.22406639004149378,4.563362068965517,24.559459459459458,0.3448275862068966,0.4375,0.25,0.2028985507246377,0.19895287958115182,58.0,,1.0,29.0,27.0,1.0,,0.0975609756097561,0.09433962264150944,0.7105263157894737,,,,1.0,1.0,,2.0,7.0,0.05128205128205128,,3.0,1.0,,,,,,,2022
1628886,1611661320,Jordin Canada,Jordin Canada,1628886,LAS,51907.0,32,865,-125.0,1713,1716,356.0,321.0,177.0,3429,55.0,94.0,2.0,4.0,11.0,20.0,28.0,73.0,14.0,54.0,2.0,6.0,,,,2.0,5.0,44.0,,3.0,1.0,16.0,97.0,221.0,7.0,50.0,79.0,294.0,1844,6.0,13.0,,3.0,4.0,16.0,24.0,50.0,1.0,18.0,40.0,91.0,38.0,156.0,21.0,,40.0,5.0,7.0,1.0,114.0,62.0,176.0,52.0,10.0,62.0,27.0,25.0,414.0,2.0,4.0,26.0,39.0,1.0,66.0,7.0,73.0,1.0,44.0,27.0,17.0,56.0,13.0,42.0,19.0,3.0,14.0,1.0,75.0,2.0,17.0,30.0,58.0,1.0,2.0,1.0,91.0,3.0,10.0,98.0,9.0,,39.0,1.0,13.0,5.0,1.0,5.0,278.0,81.0,346.0,5.0,8.0,,23.0,18.0,6.0,,100.35026269702277,107.45920745920746,0.1958762886597938,0.19791666666666666,1.0,0.14,,0.05555555555555555,0.15217391304347827,0.43891402714932126,0.46153846153846156,0.48,0.3966789667896679,0.375,0.375,0.4666666666666667,0.47058823529411764,0.5,0.18450184501845018,0.02,0.03167420814479638,0.06382978723404255,0.0136986301369863,,,20.483193277310924,0.7466666666666667,0.02702702702702703,0.08783783783783784,0.007476635514018692,0.09885931558935361,0.008620689655172414,0.09193776520509193,0.007822685788787484,,0.009950248756218905,0.01098901098901099,0.09333333333333334,0.12154696132596685,0.02654867256637168,0.08717948717948718,0.1323529411764706,0.006896551724137931,0.34686346863468637,0.5851063829787234,0.625,0.2545454545454545,0.2693726937269373,0.3835616438356164,0.3888888888888889,0.14285714285714285,0.1992619926199262,0.25925925925925924,0.25925925925925924,0.07142857142857142,0.02214022140221402,0.3333333333333333,0.4,1.0,0.16236162361623616,0.11363636363636363,0.11363636363636363,1.0,0.25,0.5,,,,,0.1875,,,0.29411764705882354,0.55,0.029411764705882353,,0.23529411764705882,0.0625,0.5313653136531366,0.125,0.48683396226415093,0.46299,0.44501532258064513,0.13245033112582782,0.1553784860557769,0.05442176870748299,0.30952380952380953,8.048868778280543,27.238000000000003,0.21052631578947367,0.17777777777777778,0.2564102564102564,0.16129032258064516,0.2078225335668418,2.0,,,4.0,2.0,,,0.010869565217391304,,0.4,,4.0,,,,0.0196078431372549,1.0,,0.02702702702702703,,,,,,,0.16666666666666666,,,2022
1628882,1611661320,Lexie Brown,Lexie Brown,1628882,LAS,51002.0,34,850,-123.0,1685,1683,409.0,377.0,173.0,3368,25.0,41.0,2.0,5.0,3.0,5.0,5.0,14.0,10.0,23.0,7.0,23.0,,2.0,2.0,5.0,46.0,110.0,3.0,10.0,11.0,22.0,40.0,78.0,53.0,133.0,4.0,243.0,1822,3.0,10.0,3.0,12.0,1.0,16.0,5.0,15.0,13.0,27.0,,49.0,48.0,32.0,156.0,3.0,109.0,46.0,8.0,,58.0,12.0,70.0,10.0,2.0,30.0,17.0,11.0,152.0,4.0,4.0,35.0,34.0,1.0,70.0,8.0,78.0,2.0,34.0,30.0,4.0,19.0,3.0,15.0,9.0,2.0,4.0,2.0,28.0,2.0,7.0,27.0,44.0,,1.0,1.0,20.0,2.0,1.0,6.0,1.0,2.0,2.0,,1.0,6.0,2.0,7.0,227.0,49.0,401.0,4.0,,,11.0,7.0,,,100.83086053412462,108.25906120023768,0.6,0.6,0.9811320754716981,0.39849624060150374,0.25,0.48148148148148145,0.4015151515151515,0.5128205128205128,0.3,0.3333333333333333,0.566350710900474,0.3409090909090909,0.5833333333333334,0.568075117370892,0.34782608695652173,0.5833333333333334,0.6303317535545023,,0.10256410256410256,0.0975609756097561,0.21428571428571427,0.043478260869565216,,12.779552715654951,0.6785714285714286,0.027777777777777776,0.07888631090487239,0.007751937984496124,0.12323943661971831,0.017543859649122806,0.0965034965034965,0.010752688172043012,0.012578616352201259,0.0049261083743842365,0.015873015873015872,0.08176100628930817,0.07228915662650602,0.08490566037735849,0.10550458715596331,0.18181818181818182,0.01904761904761905,0.1943127962085308,0.6097560975609756,0.6756756756756757,0.64,0.06635071090047394,0.35714285714285715,0.45454545454545453,0.4,0.10900473933649289,0.43478260869565216,0.45454545454545453,0.6,0.10900473933649289,0.30434782608695654,0.30434782608695654,1.0,0.5213270142180095,0.41818181818181815,0.41818181818181815,0.9782608695652174,0.22727272727272727,0.4,1.0,0.09090909090909091,,,0.45454545454545453,0.3,1.0,0.11904761904761904,0.6,0.11904761904761904,0.4,0.5238095238095238,0.5,0.8246445497630331,0.42201834862385323,0.5040102380952382,0.47511052631578954,0.47571951219512193,0.009433962264150943,0.02531645569620253,0.06584362139917696,0.20164609053497942,7.928205128205128,25.578195488721803,0.3125,0.375,0.15384615384615385,0.24,0.2427299703264095,,1.0,1.0,4.0,3.0,,,0.006493506493506494,0.02564102564102564,0.42857142857142855,,1.0,,1.0,1.0,,,,,,,1.0,,,,,,,2022
202664,1611661329,Courtney Vandersloot,Courtney Vandersloot,202664,CHI,50952.0,32,849,199.0,1707,1707,210.0,233.0,158.0,3414,82.0,129.0,9.0,9.0,5.0,11.0,17.0,46.0,8.0,29.0,3.0,6.0,,,1.0,1.0,26.0,73.0,2.0,7.0,5.0,10.0,107.0,204.0,29.0,79.0,75.0,376.0,1649,9.0,14.0,2.0,7.0,2.0,26.0,7.0,26.0,6.0,11.0,21.0,53.0,100.0,114.0,72.0,15.0,72.0,26.0,19.0,1.0,157.0,50.0,207.0,37.0,13.0,95.0,43.0,19.0,464.0,5.0,17.0,37.0,60.0,4.0,101.0,23.0,124.0,8.0,38.0,29.0,9.0,60.0,14.0,43.0,27.0,3.0,17.0,3.0,87.0,7.0,14.0,26.0,53.0,,1.0,3.0,95.0,3.0,12.0,98.0,6.0,5.0,37.0,,13.0,16.0,7.0,16.0,350.0,44.0,193.0,4.0,5.0,,9.0,8.0,19.0,2.0,108.26010544815466,96.60222612770943,0.4672897196261682,0.4807692307692308,0.8275862068965517,0.3670886075949367,0.2857142857142857,0.5454545454545454,0.3717948717948718,0.5245098039215687,0.6428571428571429,0.2692307692307692,0.5318021201413428,0.5714285714285714,0.43243243243243246,0.5688073394495413,0.5909090909090909,0.49074074074074076,0.2791519434628975,0.012658227848101266,0.09313725490196079,0.10852713178294573,0.10869565217391304,,0.0136986301369863,21.863419798835363,0.6896551724137931,0.11428571428571428,0.10067114093959731,0.03811659192825112,0.14919354838709678,0.01818181818181818,0.11492890995260663,0.030513176144244106,0.03804347826086957,0.038461538461538464,0.018018018018018018,0.07317073170731707,0.1323529411764706,0.10273972602739725,0.13333333333333333,0.20754716981132076,0.06779661016949153,0.4558303886925795,0.6356589147286822,0.7130434782608696,0.5121951219512195,0.1625441696113074,0.3695652173913043,0.4146341463414634,0.17647058823529413,0.10247349823321555,0.27586206896551724,0.27586206896551724,0.625,0.02120141342756184,0.5,0.5,1.0,0.2579505300353357,0.3561643835616438,0.3611111111111111,0.8076923076923077,0.42857142857142855,1.0,0.5555555555555556,,,,0.3333333333333333,0.2857142857142857,1.0,0.2972972972972973,0.45454545454545453,0.02702702702702703,1.0,0.2702702702702703,0.5,0.734982332155477,0.3611111111111111,0.5376427046263345,0.5713535714285715,0.4633833333333333,0.1178343949044586,0.1574468085106383,0.06914893617021277,0.14095744680851063,5.872058823529412,24.775949367088607,0.391304347826087,0.48,0.2777777777777778,0.16666666666666666,0.12302284710017575,6.0,3.0,,7.0,9.0,1.0,5.0,0.03773584905660377,0.018867924528301886,0.5625,,1.0,,,,,1.0,,0.03571428571428571,,2.0,,,2.0,,,,,2022
201480,1611661324,Sylvia Fowles,Sylvia Fowles,201480,MIN,49888.0,30,831,-25.0,1632,1625,293.0,234.0,200.0,3257,142.0,205.0,38.0,61.0,21.0,28.0,36.0,73.0,6.0,18.0,,,,,,,,,,,,,184.0,296.0,,,64.0,432.0,1721,47.0,79.0,,,15.0,109.0,23.0,38.0,,,17.0,63.0,262.0,106.0,,,,,28.0,,25.0,11.0,36.0,9.0,2.0,13.0,5.0,7.0,83.0,14.0,57.0,78.0,127.0,15.0,220.0,74.0,294.0,4.0,31.0,22.0,9.0,23.0,1.0,12.0,40.0,3.0,11.0,12.0,63.0,3.0,11.0,32.0,73.0,3.0,,17.0,86.0,6.0,,97.0,19.0,,48.0,,10.0,36.0,18.0,36.0,323.0,63.0,285.0,4.0,10.0,,46.0,34.0,20.0,4.0,103.92156862745098,105.9076923076923,0.7119565217391305,0.8618421052631579,,,,,,0.6216216216216216,0.5949367088607594,0.6052631578947368,0.6216216216216216,0.5949367088607594,0.6052631578947368,0.6447761194029851,0.6337209302325582,0.63,,,0.0945945945945946,0.07804878048780488,0.1643835616438356,,,21.363392377885134,0.36507936507936506,0.45454545454545453,0.27973568281938327,0.11354581673306773,0.23214285714285715,0.058823529411764705,0.25949367088607594,0.09594594594594595,0.1111111111111111,0.12299465240641712,0.059113300492610835,0.2805755395683453,0.23493975903614459,0.3288590604026846,0.24521072796934865,0.18666666666666668,0.047619047619047616,0.6925675675675675,0.6926829268292682,0.7513227513227513,0.7253521126760564,0.24662162162162163,0.4931506849315068,0.5901639344262295,0.6388888888888888,0.060810810810810814,0.3333333333333333,0.3333333333333333,0.8333333333333334,,,,,,,,,0.7721518987341772,0.6229508196721312,0.21052631578947367,,,,,,,0.7368421052631579,0.75,,,,,0.6925675675675675,,0.5502594594594594,0.5564328125,0.5766026315789474,0.1476923076923077,0.1476923076923077,0.2523148148148148,0.14583333333333334,4.035472972972973,,0.25396825396825395,0.1891891891891892,0.16666666666666666,,0.1795343137254902,64.0,,,17.0,18.0,4.0,3.0,0.10457516339869281,0.05714285714285714,0.5,,,,,,,3.0,3.0,0.061224489795918366,,1.0,1.0,,7.0,,,,,2022
1629482,1611661317,Sophie Cunningham,Sophie Cunningham,1629482,PHO,49631.0,28,827,-44.0,1616,1619,341.0,401.0,161.0,3235,41.0,64.0,4.0,5.0,9.0,12.0,9.0,24.0,,4.0,17.0,40.0,1.0,2.0,3.0,8.0,53.0,135.0,7.0,13.0,12.0,35.0,50.0,92.0,70.0,175.0,42.0,352.0,1708,6.0,10.0,8.0,15.0,2.0,38.0,10.0,18.0,15.0,43.0,20.0,85.0,80.0,20.0,201.0,9.0,135.0,53.0,9.0,3.0,34.0,11.0,45.0,7.0,4.0,22.0,12.0,,101.0,7.0,12.0,34.0,65.0,5.0,104.0,19.0,123.0,4.0,28.0,21.0,7.0,11.0,1.0,6.0,18.0,5.0,5.0,3.0,29.0,3.0,7.0,46.0,94.0,1.0,5.0,8.0,69.0,6.0,5.0,48.0,5.0,,16.0,3.0,6.0,10.0,4.0,10.0,314.0,85.0,340.0,6.0,6.0,13.0,68.0,36.0,44.0,17.0,102.97029702970298,105.49722050648548,0.8,0.8163265306122449,0.9571428571428572,0.4,0.5333333333333333,0.3488372093023256,0.4,0.5434782608695652,0.6,0.5555555555555556,0.5805243445692884,0.72,0.5327868852459017,0.6153846153846154,0.76,0.5985915492957746,0.6554307116104869,0.017142857142857144,0.09782608695652174,0.078125,0.16666666666666666,,0.007407407407407408,17.47088186356073,0.3793103448275862,0.10638297872340426,0.13626834381551362,0.028503562945368172,0.12099644128113879,0.01971830985915493,0.13060686015831136,0.024484536082474227,0.0189873417721519,0.027932960893854747,0.025089605734767026,0.10555555555555556,0.13930348258706468,0.1875,0.11894273127753303,0.12962962962962962,0.03125,0.2397003745318352,0.640625,0.6949152542372882,0.8536585365853658,0.0898876404494382,0.375,0.45,0.5555555555555556,0.0149812734082397,,,,0.149812734082397,0.425,0.4473684210526316,1.0,0.5056179775280899,0.3925925925925926,0.39552238805970147,0.9433962264150944,0.2,0.8,0.25,0.08,0.5,1.0,0.52,0.5384615384615384,1.0,0.19672131147540983,0.75,0.13114754098360656,0.375,0.5737704918032787,0.34285714285714286,0.8951310861423221,0.3925925925925926,0.5313104868913858,0.4639875,0.5134909836065573,0.06785714285714285,0.1553398058252427,0.10795454545454546,0.24147727272727273,4.176086956521739,25.142285714285713,0.08695652173913043,0.15384615384615385,,0.23,0.2110148514851485,2.0,,2.0,5.0,3.0,4.0,1.0,0.047619047619047616,,0.3,,,1.0,,,0.01694915254237288,,,,,1.0,1.0,,,,0.05,,,2022
203828,1611661313,Stefanie Dolson,Stefanie Dolson,203828,NYL,49585.0,36,826,-45.0,1601,1596,222.0,244.0,143.0,3197,58.0,84.0,12.0,22.0,9.0,13.0,20.0,50.0,9.0,29.0,,2.0,,,,,26.0,64.0,2.0,6.0,4.0,8.0,87.0,163.0,26.0,66.0,38.0,290.0,1653,16.0,33.0,2.0,6.0,8.0,46.0,13.0,20.0,4.0,8.0,12.0,50.0,140.0,34.0,78.0,,64.0,26.0,12.0,,37.0,29.0,66.0,21.0,8.0,21.0,9.0,7.0,161.0,16.0,26.0,42.0,81.0,6.0,129.0,43.0,172.0,9.0,13.0,10.0,3.0,20.0,12.0,15.0,36.0,,5.0,3.0,56.0,6.0,8.0,39.0,112.0,1.0,13.0,18.0,64.0,7.0,5.0,42.0,3.0,,15.0,1.0,6.0,28.0,15.0,28.0,244.0,50.0,219.0,11.0,6.0,,41.0,52.0,36.0,6.0,100.43722673329168,103.57142857142857,0.8045977011494253,0.9090909090909091,1.0,0.3939393939393939,0.3333333333333333,0.5,0.3939393939393939,0.5337423312883436,0.48484848484848486,0.65,0.5502183406113537,0.48717948717948717,0.6785714285714286,0.5846774193548387,0.5227272727272727,0.7352941176470589,0.28820960698689957,,0.0736196319018405,0.09523809523809523,0.08,,,17.194570135746606,0.35714285714285715,0.18181818181818182,0.15576923076923077,0.06970509383378017,0.14432989690721648,0.0463768115942029,0.15166461159062886,0.0584958217270195,0.05982905982905983,0.07792207792207792,0.04225352112676056,0.1793478260869565,0.14210526315789473,0.14383561643835616,0.1440677966101695,0.14545454545454545,0.08653846153846154,0.36681222707423583,0.6904761904761905,0.7631578947368421,0.8103448275862069,0.2183406113537118,0.4,0.43478260869565216,0.7,0.12663755458515283,0.3103448275862069,0.3103448275862069,1.0,0.008733624454148471,,,,0.2794759825327511,0.40625,0.40625,1.0,0.5641025641025641,0.5454545454545454,0.25,,,,0.15384615384615385,0.3333333333333333,1.0,0.4642857142857143,0.6923076923076923,,,0.2857142857142857,0.5,0.6550218340611353,0.40625,0.4946342794759825,0.5445185185185185,0.48136249999999997,0.06611570247933884,0.08571428571428572,0.15862068965517243,0.1724137931034483,6.511042944785276,24.80606060606061,0.36,0.3333333333333333,0.35,0.25,0.1386633354153654,20.0,2.0,,13.0,14.0,2.0,,0.06862745098039216,0.06557377049180328,0.5,,,,,,0.014925373134328358,1.0,,0.043478260869565216,,,2.0,,8.0,,,,,2022
100720,1611661328,Sue Bird,Sue Bird,100720,SEA,49072.0,31,818,152.0,1658,1633,237.0,248.0,162.0,3291,8.0,15.0,1.0,2.0,1.0,3.0,5.0,10.0,16.0,42.0,13.0,23.0,2.0,2.0,2.0,2.0,43.0,121.0,3.0,7.0,7.0,17.0,29.0,67.0,56.0,144.0,16.0,242.0,1614,4.0,7.0,5.0,9.0,,23.0,1.0,9.0,9.0,19.0,8.0,37.0,34.0,24.0,150.0,18.0,121.0,43.0,,1.0,129.0,57.0,186.0,49.0,8.0,69.0,41.0,19.0,429.0,4.0,2.0,19.0,33.0,1.0,53.0,6.0,59.0,1.0,37.0,20.0,17.0,42.0,14.0,36.0,18.0,,6.0,2.0,60.0,2.0,7.0,6.0,23.0,,2.0,,29.0,1.0,7.0,16.0,,,5.0,,3.0,4.0,3.0,4.0,219.0,35.0,235.0,3.0,1.0,,,3.0,,,106.51387213510255,98.83649724433559,0.5862068965517241,0.5862068965517241,0.8928571428571429,0.3888888888888889,0.5555555555555556,0.47368421052631576,0.3888888888888889,0.43283582089552236,0.5714285714285714,0.1111111111111111,0.5355450236966824,0.71875,0.5178571428571429,0.5525114155251142,0.71875,0.578125,0.6824644549763034,0.006944444444444444,,,,,0.008264462809917356,15.279299014238772,0.7,0.034482758620689655,0.06613226452905811,0.004618937644341801,0.0708955223880597,0.012084592145015106,0.06779661016949153,0.007853403141361256,,0.0053475935828877,0.015444015444015444,0.04081632653061224,0.07112970711297072,0.08849557522123894,0.0730593607305936,0.061224489795918366,0.008130081300813009,0.07109004739336493,0.5333333333333333,0.5333333333333333,0.5,0.04739336492890995,0.5,0.5,0.4,0.1990521327014218,0.38095238095238093,0.38095238095238093,0.6875,0.10900473933649289,0.5652173913043478,0.5652173913043478,1.0,0.5734597156398105,0.35537190082644626,0.35833333333333334,0.8604651162790697,0.125,0.5,,0.125,1.0,1.0,0.4375,0.42857142857142855,1.0,0.10714285714285714,0.3333333333333333,0.07142857142857142,1.0,0.6071428571428571,0.4117647058823529,0.7535545023696683,0.35537190082644626,0.5090409952606635,0.5039769230769231,0.4808142857142857,0.023148148148148147,0.06944444444444445,0.09504132231404959,0.15289256198347106,13.131343283582089,25.047222222222224,0.42857142857142855,,0.19230769230769232,0.10465116279069768,0.14294330518697226,,,1.0,1.0,2.0,,,0.007194244604316547,,0.5,,,,,,,,,,,,,,,1.0,,,,2022
1629496,1611661328,Ezi Magbegor,Ezi Magbegor,1629496,SEA,48995.0,33,817,55.0,1614,1620,265.0,266.0,166.0,3234,94.0,136.0,15.0,19.0,13.0,16.0,24.0,60.0,5.0,17.0,3.0,6.0,,,1.0,1.0,7.0,23.0,,,2.0,5.0,123.0,213.0,10.0,29.0,39.0,315.0,1598,19.0,26.0,,,8.0,46.0,15.0,24.0,3.0,6.0,9.0,48.0,202.0,44.0,30.0,,23.0,7.0,23.0,2.0,24.0,21.0,45.0,16.0,5.0,15.0,4.0,5.0,111.0,14.0,39.0,34.0,91.0,6.0,131.0,53.0,184.0,7.0,29.0,24.0,5.0,18.0,10.0,10.0,27.0,3.0,8.0,5.0,45.0,2.0,8.0,50.0,95.0,3.0,11.0,4.0,41.0,6.0,2.0,53.0,7.0,,26.0,,4.0,55.0,26.0,58.0,269.0,48.0,262.0,4.0,4.0,,58.0,48.0,41.0,13.0,102.41635687732342,98.64197530864197,0.8211382113821138,0.9017857142857143,1.0,0.3448275862068966,,0.5,0.3448275862068966,0.5774647887323944,0.7307692307692307,0.625,0.5702479338842975,0.7307692307692307,0.65,0.5943396226415094,0.7419354838709677,0.6857142857142857,0.11983471074380166,0.06896551724137931,0.107981220657277,0.11029411764705882,0.13333333333333333,,0.043478260869565216,17.32811626607043,0.4,0.15789473684210525,0.18163672654690619,0.09375,0.12830188679245283,0.0438871473354232,0.16318537859007834,0.07210884353741497,0.11818181818181818,0.11904761904761904,0.03488372093023256,0.20155038759689922,0.16600790513833993,0.19327731092436976,0.12149532710280374,0.1568627450980392,0.08333333333333333,0.5619834710743802,0.6911764705882353,0.7768595041322314,0.7872340425531915,0.24793388429752067,0.4,0.46153846153846156,0.9166666666666666,0.07024793388429752,0.29411764705882354,0.29411764705882354,1.0,0.024793388429752067,0.5,0.6,1.0,0.09504132231404959,0.30434782608695654,0.3181818181818182,1.0,0.7307692307692307,0.7894736842105263,0.26666666666666666,,,,,,,0.5333333333333333,0.8125,0.03333333333333333,1.0,0.16666666666666666,0.4,0.6818181818181818,0.30434782608695654,0.5387497933884298,0.563645,0.5221266666666666,0.09961685823754789,0.11206896551724138,0.14603174603174604,0.1523809523809524,4.768544600938967,24.186206896551724,0.30952380952380953,0.3055555555555556,0.08333333333333333,0.16666666666666666,0.16418835192069392,22.0,1.0,,29.0,36.0,,,0.043478260869565216,0.08196721311475409,0.6206896551724138,,,,3.0,3.0,,,,,,,,,,,0.16666666666666666,,,2022
1627669,1611661324,Moriah Jefferson,Moriah Jefferson,1627669,MIN,48543.0,31,809,-61.0,1566,1567,248.0,222.0,210.0,3133,23.0,42.0,3.0,3.0,3.0,5.0,45.0,100.0,13.0,41.0,4.0,12.0,,1.0,,2.0,32.0,64.0,3.0,10.0,2.0,5.0,81.0,183.0,36.0,76.0,53.0,323.0,1727,8.0,11.0,3.0,11.0,4.0,29.0,13.0,31.0,2.0,7.0,20.0,52.0,42.0,120.0,105.0,3.0,64.0,32.0,13.0,,101.0,46.0,147.0,32.0,14.0,55.0,24.0,22.0,340.0,4.0,7.0,19.0,39.0,6.0,64.0,11.0,75.0,1.0,36.0,26.0,10.0,38.0,10.0,26.0,30.0,6.0,12.0,3.0,68.0,4.0,11.0,38.0,67.0,,3.0,3.0,70.0,3.0,8.0,65.0,1.0,2.0,23.0,2.0,7.0,4.0,2.0,4.0,294.0,52.0,246.0,3.0,7.0,3.0,48.0,33.0,25.0,5.0,106.38569604086845,110.21059349074665,0.25925925925925924,0.2625,0.9722222222222222,0.47368421052631576,0.2727272727272727,0.2857142857142857,0.47368421052631576,0.4426229508196721,0.7272727272727273,0.41935483870967744,0.5212355212355212,0.5681818181818182,0.42105263157894735,0.5553633217993079,0.58,0.52,0.29343629343629346,,0.07103825136612021,0.14285714285714285,0.05,0.04878048780487805,,19.85539488320356,0.5588235294117647,0.15,0.08986175115207373,0.014522821576763486,0.060126582278481014,0.017094017094017096,0.07733333333333334,0.015363128491620111,0.021897810218978103,0.00966183574879227,0.015873015873015872,0.12195121951219512,0.09523809523809523,0.055944055944055944,0.05791505791505792,0.07017543859649122,0.008,0.16216216216216217,0.5476190476190477,0.6388888888888888,0.21739130434782608,0.3861003861003861,0.45,0.47368421052631576,0.3111111111111111,0.1583011583011583,0.3170731707317073,0.3333333333333333,0.15384615384615385,0.04633204633204633,0.3333333333333333,0.3333333333333333,1.0,0.2471042471042471,0.5,0.5,0.96875,0.13636363636363635,1.0,,0.045454545454545456,,,0.45454545454545453,0.3,1.0,0.13157894736842105,0.6,0.05263157894736842,,0.13157894736842105,0.4,0.4555984555984556,0.5,0.47974247104247103,0.4832176470588236,0.4498934210526315,0.08865248226950355,0.11219512195121951,0.08978328173374613,0.1609907120743034,9.585792349726777,24.443421052631578,0.631578947368421,0.41818181818181815,0.36,0.20512820512820512,0.1583652618135377,2.0,6.0,1.0,1.0,3.0,14.0,,0.014492753623188406,0.022222222222222223,0.75,,,1.0,,,0.025974025974025976,,,,,1.0,,1.0,,,,,,2022
204365,1611661330,Erica Wheeler,Erica Wheeler,204365,ATL,47350.0,30,789,-61.0,1549,1563,219.0,292.0,187.0,3112,23.0,51.0,1.0,1.0,7.0,12.0,24.0,62.0,27.0,90.0,3.0,14.0,,2.0,,1.0,21.0,59.0,6.0,9.0,3.0,9.0,74.0,203.0,24.0,73.0,31.0,251.0,1556,7.0,17.0,6.0,11.0,3.0,35.0,12.0,30.0,3.0,10.0,11.0,44.0,58.0,90.0,45.0,27.0,57.0,20.0,13.0,,74.0,44.0,118.0,34.0,10.0,37.0,26.0,11.0,280.0,9.0,9.0,35.0,38.0,1.0,74.0,19.0,93.0,2.0,32.0,21.0,11.0,49.0,11.0,35.0,27.0,2.0,14.0,5.0,76.0,9.0,13.0,20.0,74.0,1.0,3.0,2.0,42.0,1.0,7.0,41.0,3.0,4.0,15.0,,5.0,2.0,1.0,2.0,216.0,42.0,217.0,8.0,2.0,3.0,24.0,42.0,16.0,,96.51387992253066,99.55214331413947,0.3918918918918919,0.3918918918918919,0.625,0.3287671232876712,0.5454545454545454,0.3,0.3194444444444444,0.3645320197044335,0.4117647058823529,0.4,0.39855072463768115,0.5714285714285714,0.4125,0.4232081911262799,0.5862068965517241,0.46808510638297873,0.2644927536231884,,0.06403940886699508,0.17647058823529413,0.03225806451612903,0.022222222222222223,,20.942111237230417,0.6447368421052632,0.02857142857142857,0.08983451536643026,0.018292682926829267,0.1206896551724138,0.03435114503816794,0.10238429172510519,0.023872679045092837,0.0070921985815602835,0.005291005291005291,0.025906735751295335,0.045112781954887216,0.11180124223602485,0.10852713178294573,0.12017167381974249,0.12280701754385964,0.0125,0.18478260869565216,0.45098039215686275,0.5476190476190477,0.4782608695652174,0.2246376811594203,0.3870967741935484,0.4,0.4166666666666667,0.32608695652173914,0.3,0.3068181818181818,0.2962962962962963,0.050724637681159424,0.21428571428571427,0.21428571428571427,1.0,0.213768115942029,0.3559322033898305,0.3559322033898305,0.5714285714285714,0.03571428571428571,1.0,,0.07142857142857142,,,0.32142857142857145,0.6666666666666666,0.5,0.3,0.5833333333333334,0.025,,0.225,0.3333333333333333,0.4492753623188406,0.3508771929824561,0.46638109090909086,0.42575,0.4727205128205128,0.052083333333333336,0.06976744186046512,0.1394422310756972,0.1752988047808765,11.121182266009852,24.498630136986304,0.4642857142857143,0.2631578947368421,0.25806451612903225,0.28888888888888886,0.14138153647514526,,3.0,,1.0,1.0,,,0.043209876543209874,0.057971014492753624,0.5,1.0,1.0,,,,,1.0,,0.034482758620689655,,,,,,,,,,2022
1631022,1611661322,Shakira Austin,Shakira Austin,1631022,WAS,46140.0,36,769,110.0,1481,1492,203.0,168.0,154.0,2973,78.0,111.0,20.0,35.0,10.0,12.0,34.0,85.0,10.0,26.0,,,,,,,,1.0,,,,1.0,122.0,222.0,,1.0,68.0,312.0,1481,23.0,43.0,,,8.0,54.0,13.0,22.0,,1.0,5.0,31.0,186.0,58.0,,,1.0,,14.0,,24.0,9.0,33.0,8.0,1.0,10.0,6.0,8.0,75.0,16.0,45.0,58.0,103.0,8.0,169.0,63.0,232.0,9.0,27.0,21.0,6.0,29.0,7.0,18.0,25.0,5.0,11.0,2.0,54.0,9.0,7.0,41.0,84.0,1.0,14.0,8.0,89.0,5.0,5.0,109.0,15.0,,60.0,,2.0,30.0,20.0,30.0,258.0,31.0,200.0,7.0,2.0,,20.0,34.0,18.0,1.0,107.4274139095206,99.2627345844504,0.7622950819672131,0.9117647058823529,,,,,,0.5495495495495496,0.5348837209302325,0.5909090909090909,0.547085201793722,0.5348837209302325,0.5652173913043478,0.5777777777777777,0.5510204081632653,0.5740740740740741,0.004484304932735426,,0.06306306306306306,0.04504504504504504,0.09411764705882353,0.038461538461538464,,19.5416164053076,0.5370370370370371,0.21621621621621623,0.25245098039215685,0.11278195488721804,0.22053231939163498,0.0653061224489796,0.2399403874813711,0.09472049689440994,0.1111111111111111,0.12315270935960591,0.07216494845360824,0.1951219512195122,0.2765957446808511,0.2536231884057971,0.2,0.29310344827586204,0.10465116279069768,0.4977578475336323,0.7027027027027027,0.7358490566037735,0.6923076923076923,0.3811659192825112,0.4,0.44155844155844154,0.9117647058823529,0.11659192825112108,0.38461538461538464,0.4,0.8,,,,,0.004484304932735426,,,,0.813953488372093,0.5714285714285714,0.05,,,,,,,0.5217391304347826,0.8333333333333334,,,0.043478260869565216,,0.5022421524663677,,0.4952360986547085,0.5656558823529412,0.4816195652173913,0.22388059701492538,0.2247191011235955,0.17307692307692307,0.09935897435897435,5.873423423423424,25.3,0.18181818181818182,0.3333333333333333,0.3333333333333333,1.0,0.13706954760297096,40.0,,1.0,10.0,16.0,1.0,,0.09278350515463918,0.0392156862745098,0.5333333333333333,,,,,,,2.0,1.0,0.05555555555555555,,,1.0,,,,,,,2022
1628922,1611661329,Azurá Stevens,Azurá Stevens,1628922,CHI,46087.0,35,768,39.0,1528,1536,290.0,341.0,146.0,3064,69.0,104.0,12.0,19.0,14.0,20.0,32.0,67.0,7.0,31.0,22.0,43.0,5.0,7.0,7.0,9.0,20.0,73.0,4.0,10.0,4.0,9.0,108.0,202.0,42.0,116.0,29.0,371.0,1575,15.0,28.0,9.0,17.0,2.0,59.0,21.0,36.0,11.0,18.0,12.0,87.0,170.0,46.0,120.0,6.0,72.0,20.0,18.0,,22.0,6.0,28.0,4.0,2.0,14.0,7.0,1.0,62.0,3.0,18.0,23.0,87.0,6.0,116.0,21.0,137.0,4.0,17.0,16.0,1.0,12.0,2.0,9.0,14.0,2.0,3.0,4.0,26.0,,7.0,30.0,61.0,,4.0,4.0,39.0,4.0,1.0,39.0,6.0,1.0,16.0,,6.0,39.0,9.0,39.0,312.0,87.0,284.0,5.0,6.0,3.0,19.0,15.0,6.0,1.0,105.6282722513089,102.5390625,0.7870370370370371,0.8333333333333334,0.9523809523809523,0.3620689655172414,0.5294117647058824,0.6111111111111112,0.3652173913043478,0.5346534653465347,0.5357142857142857,0.5833333333333334,0.5377358490566038,0.6333333333333333,0.6944444444444444,0.5553892215568862,0.6276595744680851,0.7016129032258065,0.36477987421383645,,0.0891089108910891,0.15384615384615385,0.029850746268656716,,,21.188934667451445,0.46153846153846156,0.16216216216216217,0.17025440313111545,0.04580152671755725,0.09583333333333334,0.011764705882352941,0.14647137150466044,0.032407407407407406,0.07746478873239436,0.033783783783783786,0.014563106796116505,0.14563106796116504,0.18848167539267016,0.18421052631578946,0.10160427807486631,0.07547169811320754,0.027586206896551724,0.3270440251572327,0.6634615384615384,0.7840909090909091,0.8115942028985508,0.21069182389937108,0.47761194029850745,0.49230769230769234,0.71875,0.09748427672955975,0.22580645161290322,0.22580645161290322,0.8571428571428571,0.13522012578616352,0.5116279069767442,0.5116279069767442,0.9545454545454546,0.22955974842767296,0.273972602739726,0.273972602739726,0.95,0.4222222222222222,0.631578947368421,0.4166666666666667,0.15555555555555556,0.7142857142857143,1.0,0.2222222222222222,0.4,1.0,0.37037037037037035,0.7,0.16666666666666666,0.7777777777777778,0.16666666666666666,0.4444444444444444,0.6918238993710691,0.2777777777777778,0.516496214511041,0.5357287878787879,0.5137858490566037,0.04878048780487805,0.07547169811320754,0.15902964959568733,0.23450134770889489,6.530693069306931,24.237068965517242,0.34285714285714286,0.14285714285714285,0.34782608695652173,0.2571428571428571,0.18979057591623036,12.0,,,30.0,22.0,,,0.019417475728155338,,0.5641025641025641,,1.0,,,,,,,,,,,3.0,,,,,,2022
202252,1611661322,Alysha Clark,Alysha Clark,202252,WAS,45814.0,29,764,123.0,1460,1460,205.0,178.0,166.0,2920,33.0,42.0,3.0,6.0,7.0,8.0,22.0,46.0,6.0,9.0,12.0,30.0,1.0,2.0,1.0,4.0,18.0,69.0,3.0,9.0,2.0,11.0,61.0,97.0,30.0,99.0,21.0,233.0,1411,5.0,8.0,4.0,11.0,,22.0,10.0,13.0,3.0,15.0,10.0,39.0,76.0,46.0,87.0,3.0,69.0,18.0,5.0,1.0,40.0,19.0,59.0,15.0,4.0,18.0,17.0,5.0,137.0,10.0,9.0,43.0,53.0,12.0,108.0,23.0,131.0,3.0,28.0,22.0,6.0,21.0,6.0,15.0,17.0,5.0,6.0,2.0,38.0,4.0,5.0,30.0,55.0,1.0,1.0,1.0,39.0,2.0,7.0,23.0,1.0,,8.0,,4.0,8.0,5.0,8.0,211.0,38.0,201.0,2.0,3.0,,18.0,1.0,10.0,,105.06849315068493,96.64383561643835,0.6229508196721312,0.6551724137931034,0.9666666666666667,0.30303030303030304,0.36363636363636365,0.2,0.30303030303030304,0.6288659793814433,0.625,0.7692307692307693,0.5408163265306123,0.5789473684210527,0.5178571428571429,0.5628019323671497,0.5789473684210527,0.5735294117647058,0.5051020408163265,0.010101010101010102,0.05154639175257732,0.07142857142857142,0.043478260869565216,,0.014492753623188406,14.866504854368932,0.5526315789473685,0.4,0.12740384615384615,0.022443890274314215,0.16104868913857678,0.03663003663003663,0.14055636896046853,0.028189910979228485,0.04854368932038835,0.01015228426395939,0.0365296803652968,0.08888888888888889,0.11299435028248588,0.16778523489932887,0.16113744075829384,0.16071428571428573,0.030612244897959183,0.21428571428571427,0.7857142857142857,0.8461538461538461,0.6060606060606061,0.23469387755102042,0.4782608695652174,0.5,0.5454545454545454,0.04591836734693878,0.6666666666666666,0.6666666666666666,1.0,0.15306122448979592,0.4,0.4,1.0,0.3520408163265306,0.2608695652173913,0.2647058823529412,0.9444444444444444,0.3157894736842105,0.5,0.3333333333333333,0.10526315789473684,0.5,1.0,0.47368421052631576,0.3333333333333333,1.0,0.2857142857142857,0.875,0.14285714285714285,0.25,0.39285714285714285,0.18181818181818182,0.7193877551020408,0.2608695652173913,0.5298107142857142,0.5654458333333333,0.5241642857142857,0.03940886699507389,0.07692307692307693,0.0944206008583691,0.16738197424892703,5.949484536082474,24.146464646464647,0.875,0.2916666666666667,0.6666666666666666,0.2608695652173913,0.1404109589041096,6.0,1.0,3.0,2.0,3.0,,4.0,0.019801980198019802,0.037037037037037035,0.375,,,,,,,4.0,,0.1111111111111111,,1.0,,,,,,,,2022
1628890,1611661317,Diamond DeShields,Diamond DeShields,1628890,PHO,45581.0,30,760,-117.0,1493,1502,340.0,349.0,146.0,2995,68.0,108.0,7.0,13.0,14.0,25.0,37.0,99.0,16.0,70.0,5.0,28.0,,1.0,,5.0,16.0,61.0,3.0,7.0,2.0,13.0,121.0,277.0,21.0,89.0,88.0,393.0,1591,12.0,28.0,3.0,8.0,6.0,39.0,24.0,60.0,2.0,18.0,20.0,74.0,118.0,124.0,51.0,12.0,60.0,16.0,13.0,,34.0,33.0,67.0,23.0,10.0,19.0,11.0,4.0,167.0,6.0,11.0,35.0,50.0,12.0,97.0,18.0,115.0,9.0,30.0,25.0,5.0,37.0,13.0,27.0,33.0,3.0,10.0,7.0,70.0,2.0,12.0,30.0,99.0,4.0,5.0,3.0,92.0,3.0,7.0,115.0,13.0,,59.0,,4.0,15.0,6.0,15.0,354.0,74.0,340.0,16.0,3.0,5.0,50.0,28.0,25.0,18.0,98.72739450770261,105.92543275632491,0.48760330578512395,0.5042735042735043,0.8095238095238095,0.23595505617977527,0.375,0.1111111111111111,0.23863636363636365,0.4368231046931408,0.42857142857142855,0.4,0.4166666666666667,0.4583333333333333,0.34615384615384615,0.4723557692307692,0.5,0.4111111111111111,0.24316939890710382,,0.04693140794223827,0.037037037037037035,0.09090909090909091,,,29.29475587703436,0.5285714285714286,0.2608695652173913,0.11337868480725624,0.028205128205128206,0.13358778625954199,0.01935483870967742,0.12091038406827881,0.024285714285714285,0.032520325203252036,0.03529411764705882,0.02040816326530612,0.08391608391608392,0.12755102040816327,0.12745098039215685,0.1324200913242009,0.13953488372093023,0.043478260869565216,0.29508196721311475,0.6296296296296297,0.6538461538461539,0.5441176470588235,0.27049180327868855,0.37373737373737376,0.4111111111111111,0.3783783783783784,0.1912568306010929,0.22857142857142856,0.22857142857142856,0.5,0.07650273224043716,0.17857142857142858,0.17857142857142858,0.8,0.16666666666666666,0.26229508196721313,0.26229508196721313,0.8125,0.3611111111111111,0.5384615384615384,0.14285714285714285,0.027777777777777776,,,0.19444444444444445,0.42857142857142855,1.0,0.32051282051282054,0.56,0.0641025641025641,,0.16666666666666666,0.15384615384615385,0.5382513661202186,0.26666666666666666,0.508808493150685,0.4999913043478261,0.5062155844155845,0.14320388349514562,0.1826625386996904,0.09923664122137404,0.18829516539440203,8.15234657039711,24.48988764044944,0.38461538461538464,0.2786885245901639,0.18518518518518517,0.22727272727272727,0.2277294038847957,8.0,2.0,1.0,7.0,7.0,1.0,,0.010309278350515464,0.015384615384615385,0.4666666666666667,,1.0,,,,,1.0,,0.030303030303030304,,2.0,,,3.0,,,,,2022
203822,1611661329,Rebekah Gardner,Rebekah Gardner,203822,CHI,45576.0,35,760,18.0,1506,1509,302.0,350.0,146.0,3015,76.0,103.0,9.0,9.0,12.0,16.0,14.0,40.0,11.0,29.0,6.0,19.0,,2.0,,3.0,9.0,23.0,,2.0,4.0,6.0,101.0,172.0,15.0,42.0,48.0,295.0,1552,11.0,17.0,,4.0,7.0,29.0,16.0,28.0,4.0,9.0,21.0,65.0,102.0,100.0,45.0,,23.0,9.0,15.0,1.0,34.0,10.0,44.0,3.0,7.0,22.0,8.0,4.0,98.0,15.0,26.0,20.0,48.0,3.0,71.0,44.0,115.0,1.0,49.0,38.0,11.0,24.0,11.0,15.0,31.0,1.0,9.0,11.0,55.0,5.0,6.0,45.0,81.0,1.0,5.0,1.0,53.0,1.0,8.0,60.0,8.0,,28.0,,5.0,12.0,6.0,19.0,266.0,63.0,289.0,7.0,3.0,9.0,49.0,11.0,8.0,,104.24966799468791,102.8495692511597,0.504950495049505,0.5425531914893617,1.0,0.35714285714285715,,0.4444444444444444,0.35714285714285715,0.5872093023255814,0.6470588235294118,0.5714285714285714,0.5771028037383178,0.5238095238095238,0.5945945945945946,0.6171548117154811,0.6041666666666666,0.65,0.19626168224299065,0.023809523809523808,0.0872093023255814,0.08737864077669903,0.1,0.06896551724137931,,17.62589928057554,0.43636363636363634,0.0967741935483871,0.0963855421686747,0.06718346253229975,0.08583690987124463,0.06276150627615062,0.09302325581395349,0.06549520766773163,0.050724637681159424,0.06896551724137931,0.06565656565656566,0.05113636363636364,0.14492753623188406,0.0782608695652174,0.08695652173913043,0.08163265306122448,0.012195121951219513,0.48130841121495327,0.7378640776699029,0.8085106382978723,0.5,0.18691588785046728,0.35,0.3888888888888889,0.35714285714285715,0.13551401869158877,0.3793103448275862,0.4074074074074074,0.7272727272727273,0.08878504672897196,0.3157894736842105,0.3333333333333333,1.0,0.10747663551401869,0.391304347826087,0.391304347826087,1.0,0.42857142857142855,1.0,0.2222222222222222,0.09523809523809523,,,0.09523809523809523,,,0.43243243243243246,0.75,0.08108108108108109,,0.16216216216216217,0.6666666666666666,0.677570093457944,0.391304347826087,0.5364983644859813,0.5512083333333333,0.5039527027027026,0.11965811965811966,0.14583333333333334,0.09830508474576272,0.22033898305084745,5.880232558139535,23.73333333333333,0.18518518518518517,0.15384615384615385,0.16666666666666666,0.2222222222222222,0.20053120849933598,14.0,2.0,1.0,5.0,9.0,2.0,,0.08653846153846154,0.04878048780487805,0.47368421052631576,,,,7.0,6.0,,3.0,1.0,0.1,1.0,1.0,,,,,0.05263157894736842,,,2022
1628244,1611661313,Sami Whitcomb,Sami Whitcomb,1628244,NYL,44783.0,35,746,-76.0,1482,1475,375.0,365.0,141.0,2957,10.0,13.0,1.0,1.0,3.0,4.0,2.0,14.0,3.0,6.0,18.0,41.0,2.0,6.0,2.0,11.0,41.0,127.0,3.0,8.0,6.0,22.0,15.0,33.0,59.0,168.0,20.0,227.0,1535,2.0,5.0,5.0,14.0,,19.0,4.0,8.0,8.0,33.0,8.0,40.0,16.0,14.0,150.0,27.0,126.0,41.0,4.0,1.0,51.0,31.0,82.0,24.0,7.0,24.0,17.0,10.0,195.0,8.0,2.0,27.0,43.0,2.0,72.0,10.0,82.0,3.0,25.0,16.0,9.0,33.0,8.0,28.0,16.0,5.0,5.0,1.0,49.0,2.0,10.0,33.0,57.0,,1.0,,30.0,2.0,6.0,23.0,1.0,2.0,7.0,,4.0,5.0,1.0,5.0,208.0,39.0,373.0,7.0,3.0,1.0,15.0,18.0,4.0,1.0,98.4480431848853,104.0677966101695,0.5333333333333333,0.5333333333333333,0.847457627118644,0.35119047619047616,0.35714285714285715,0.24242424242424243,0.3532934131736527,0.45454545454545453,0.4,0.5,0.5149253731343284,0.5,0.3902439024390244,0.5355450236966824,0.5,0.43478260869565216,0.835820895522388,0.005952380952380952,0.12121212121212122,,0.2857142857142857,,,15.902140672782874,0.673469387755102,0.05405405405405406,0.09090909090909091,0.005865102639296188,0.1134453781512605,0.02476780185758514,0.09845288326300984,0.015060240963855422,0.008264462809917356,,0.026615969581749048,0.04878048780487805,0.1218274111675127,0.09821428571428571,0.13089005235602094,0.0425531914893617,0.02564102564102564,0.06467661691542288,0.7692307692307693,0.7692307692307693,0.6,0.06965174129353234,0.14285714285714285,0.2,0.5,0.029850746268656716,0.5,0.5,0.3333333333333333,0.20398009950248755,0.43902439024390244,0.45,0.9444444444444444,0.6318407960199005,0.3228346456692913,0.3228346456692913,0.8048780487804879,0.05263157894736842,1.0,,0.3157894736842105,0.3333333333333333,1.0,0.42105263157894735,0.375,0.6666666666666666,0.0975609756097561,0.75,0.2682926829268293,0.18181818181818182,0.5365853658536586,0.2727272727272727,0.900497512437811,0.3253968253968254,0.5193537688442211,0.5110833333333333,0.4908230769230769,0.033816425120772944,0.1794871794871795,0.08370044052863436,0.1762114537444934,8.054545454545455,24.660119047619045,0.6666666666666666,0.16666666666666666,,0.20192307692307693,0.25303643724696356,,1.0,1.0,4.0,,,1.0,0.014492753623188406,0.016666666666666666,,,1.0,,,,,,,,,,,1.0,,,0.024390243902439025,,,2022
202658,1611661325,Danielle Robinson,Danielle Robinson,202658,IND,43616.0,31,727,-128.0,1455,1471,200.0,342.0,196.0,2926,51.0,88.0,4.0,7.0,8.0,15.0,16.0,46.0,9.0,29.0,3.0,12.0,,1.0,,1.0,6.0,28.0,1.0,3.0,,4.0,76.0,163.0,9.0,40.0,51.0,230.0,1562,8.0,18.0,1.0,4.0,5.0,24.0,11.0,22.0,,5.0,14.0,36.0,68.0,84.0,24.0,3.0,27.0,6.0,15.0,,76.0,43.0,119.0,36.0,7.0,41.0,18.0,17.0,281.0,3.0,7.0,34.0,42.0,1.0,77.0,12.0,89.0,2.0,22.0,10.0,12.0,33.0,12.0,20.0,18.0,1.0,13.0,2.0,51.0,6.0,8.0,12.0,44.0,,,,71.0,1.0,23.0,60.0,4.0,2.0,27.0,,4.0,5.0,,5.0,206.0,34.0,197.0,7.0,2.0,,5.0,8.0,7.0,,98.55670103092783,106.1862678450034,0.4473684210526316,0.4533333333333333,0.8888888888888888,0.225,0.25,,0.23076923076923078,0.4662576687116564,0.4444444444444444,0.5,0.4408866995073892,0.4318181818181818,0.4074074074074074,0.49782608695652175,0.48,0.5147058823529411,0.19704433497536947,,0.09202453987730061,0.10227272727272728,0.13043478260869565,,,16.696375519904933,0.6470588235294118,0.02857142857142857,0.10606060606060606,0.014112903225806451,0.14166666666666666,0.013574660633484163,0.11949685534591195,0.01394700139470014,0.022222222222222223,0.01694915254237288,0.017045454545454544,0.07333333333333333,0.10204081632653061,0.16161616161616163,0.1358695652173913,0.16071428571428573,0.021052631578947368,0.43349753694581283,0.5795454545454546,0.6455696202531646,0.43137254901960786,0.22660098522167488,0.34782608695652173,0.4,0.4375,0.14285714285714285,0.3103448275862069,0.3103448275862069,0.5555555555555556,0.059113300492610835,0.25,0.25,1.0,0.13793103448275862,0.21428571428571427,0.21428571428571427,0.8333333333333334,0.3181818181818182,0.5714285714285714,1.0,0.045454545454545456,,,0.13636363636363635,0.3333333333333333,1.0,0.5555555555555556,0.5333333333333333,0.037037037037037035,,0.14814814814814814,,0.6305418719211823,0.2222222222222222,0.5246278606965173,0.49373529411764705,0.532548,0.11946902654867257,0.14516129032258066,0.10434782608695652,0.1565217391304348,6.14478527607362,26.05,0.4444444444444444,0.4666666666666667,0.11764705882352941,0.2962962962962963,0.13745704467353953,2.0,2.0,2.0,4.0,1.0,,,,,0.2,,1.0,,,,,2.0,,0.05555555555555555,,1.0,,,,1.0,,,,2022
1631031,1611661325,Queen Egbo,Queen Egbo,1631031,IND,43173.0,33,720,-141.0,1440,1442,221.0,344.0,180.0,2882,59.0,103.0,18.0,32.0,9.0,14.0,31.0,85.0,5.0,27.0,,,,,,,,,,,,,95.0,215.0,,,49.0,239.0,1529,20.0,43.0,,,10.0,50.0,16.0,32.0,,,9.0,41.0,132.0,58.0,,,,,18.0,,22.0,9.0,31.0,6.0,3.0,14.0,4.0,4.0,71.0,14.0,44.0,42.0,98.0,8.0,148.0,61.0,209.0,5.0,30.0,24.0,6.0,31.0,5.0,22.0,33.0,4.0,9.0,5.0,64.0,9.0,9.0,39.0,98.0,2.0,5.0,16.0,72.0,9.0,,76.0,10.0,,41.0,,2.0,38.0,11.0,40.0,189.0,41.0,214.0,12.0,2.0,1.0,57.0,43.0,32.0,10.0,96.38888888888889,106.03328710124826,0.6947368421052632,0.7951807228915663,,,,,,0.4418604651162791,0.46511627906976744,0.5,0.4418604651162791,0.46511627906976744,0.5,0.48185483870967744,0.5102040816326531,0.5540540540540541,,,0.08372093023255814,0.1262135922330097,0.058823529411764705,,,18.94353369763206,0.484375,0.22857142857142856,0.24078624078624078,0.0918580375782881,0.17427385892116182,0.06511627906976744,0.21604938271604937,0.08357348703170028,0.12727272727272726,0.05142857142857143,0.06134969325153374,0.152317880794702,0.30864197530864196,0.26595744680851063,0.17010309278350516,0.19148936170212766,0.05,0.4790697674418605,0.5728155339805825,0.6555555555555556,0.711864406779661,0.3953488372093023,0.36470588235294116,0.3875,0.7096774193548387,0.12558139534883722,0.18518518518518517,0.18518518518518517,0.4,,,,,,,,,0.7441860465116279,0.5625,0.2222222222222222,,,,,,,0.4375,0.6428571428571429,,,,,0.4790697674418605,,0.4948758139534884,0.5647473684210527,0.47099375,0.16666666666666666,0.16666666666666666,0.20920502092050208,0.17154811715481172,6.123720930232558,,0.46511627906976744,0.12962962962962962,0.2857142857142857,,0.15347222222222223,24.0,,,25.0,26.0,5.0,1.0,0.10071942446043165,0.07692307692307693,0.65,,,,2.0,1.0,,3.0,1.0,0.09375,1.0,2.0,2.0,,5.0,,,,,2022
1630101,1611661313,Crystal Dangerfield,Crystal Dangerfield,1630101,NYL,42617.0,33,710,8.0,1376,1374,208.0,204.0,135.0,2750,19.0,31.0,1.0,2.0,4.0,7.0,13.0,45.0,11.0,19.0,8.0,18.0,,1.0,1.0,2.0,15.0,53.0,1.0,2.0,1.0,12.0,43.0,95.0,23.0,71.0,25.0,180.0,1370,4.0,10.0,1.0,3.0,,11.0,7.0,14.0,2.0,14.0,9.0,29.0,44.0,42.0,69.0,,51.0,15.0,2.0,,51.0,34.0,85.0,27.0,7.0,31.0,13.0,7.0,204.0,9.0,5.0,22.0,29.0,1.0,52.0,14.0,66.0,2.0,18.0,9.0,9.0,21.0,2.0,17.0,10.0,4.0,4.0,,31.0,2.0,4.0,24.0,43.0,,3.0,3.0,45.0,1.0,11.0,34.0,2.0,,13.0,,5.0,4.0,2.0,4.0,169.0,26.0,205.0,4.0,3.0,1.0,12.0,13.0,3.0,,100.1453488372093,99.70887918486171,0.5116279069767442,0.5116279069767442,1.0,0.323943661971831,0.3333333333333333,0.14285714285714285,0.3333333333333333,0.45263157894736844,0.4,0.5,0.46686746987951805,0.4230769230769231,0.35714285714285715,0.4945054945054945,0.4230769230769231,0.4264705882352941,0.42771084337349397,,0.021052631578947368,0.03225806451612903,0.022222222222222223,,,13.912475506205094,0.6774193548387096,0.038461538461538464,0.06791569086651054,0.014204545454545454,0.08870967741935484,0.030303030303030304,0.07555555555555556,0.02157164869029276,0.00980392156862745,0.01282051282051282,0.03319502074688797,0.08029197080291971,0.08433734939759036,0.03225806451612903,0.08737864077669903,0.09523809523809523,0.021739130434782608,0.18674698795180722,0.6129032258064516,0.6333333333333333,0.6842105263157895,0.2710843373493976,0.28888888888888886,0.29545454545454547,0.3076923076923077,0.1144578313253012,0.5789473684210527,0.5789473684210527,0.45454545454545453,0.10843373493975904,0.4444444444444444,0.4444444444444444,1.0,0.3192771084337349,0.2830188679245283,0.2830188679245283,1.0,0.15384615384615385,0.5,1.0,0.07692307692307693,,,0.15384615384615385,0.5,1.0,0.25,0.5714285714285714,0.07142857142857142,0.5,0.42857142857142855,0.08333333333333333,0.6144578313253012,0.29411764705882354,0.4900794478527608,0.3832357142857143,0.49086730769230774,0.07344632768361582,0.12264150943396226,0.06111111111111111,0.16111111111111112,8.312631578947368,25.48169014084507,0.25,0.3225806451612903,0.25,0.27906976744186046,0.1511627906976744,,1.0,,2.0,2.0,,,0.02127659574468085,0.017857142857142856,0.5,,2.0,,,,,,,,,,,,,,,,,2022
1628278,1611661322,Shatori Walker-Kimbrough,Shatori Walker-Kimbrough,1628278,WAS,42561.0,35,709,95.0,1404,1399,372.0,346.0,138.0,2803,35.0,53.0,3.0,6.0,8.0,11.0,7.0,32.0,12.0,39.0,8.0,23.0,1.0,2.0,2.0,6.0,18.0,52.0,2.0,7.0,1.0,10.0,54.0,124.0,26.0,75.0,55.0,241.0,1311,5.0,12.0,3.0,9.0,3.0,22.0,11.0,23.0,3.0,16.0,23.0,54.0,72.0,36.0,72.0,6.0,51.0,18.0,14.0,,41.0,12.0,53.0,8.0,4.0,19.0,12.0,10.0,118.0,6.0,4.0,18.0,33.0,3.0,54.0,10.0,64.0,1.0,37.0,28.0,9.0,26.0,6.0,19.0,13.0,4.0,7.0,2.0,39.0,2.0,10.0,23.0,43.0,,1.0,,52.0,4.0,6.0,61.0,5.0,5.0,21.0,3.0,3.0,9.0,2.0,10.0,219.0,54.0,372.0,2.0,2.0,4.0,8.0,8.0,,,100.14245014245014,93.70979270907792,0.6666666666666666,0.6792452830188679,0.9230769230769231,0.3466666666666667,0.3333333333333333,0.1875,0.35135135135135137,0.43548387096774194,0.4166666666666667,0.4782608695652174,0.46733668341708545,0.4523809523809524,0.3974358974358974,0.5339366515837104,0.4772727272727273,0.53,0.3768844221105528,,0.11290322580645161,0.09433962264150944,0.25,0.02564102564102564,,16.56050955414013,0.6666666666666666,0.075,0.07875894988066826,0.01015228426395939,0.08490566037735849,0.025,0.08082408874801902,0.015772870662460567,0.02127659574468085,0.004761904761904762,0.02577319587628866,0.05555555555555555,0.05612244897959184,0.12781954887218044,0.07428571428571429,0.13513513513513514,0.01020408163265306,0.2663316582914573,0.660377358490566,0.7291666666666666,0.6285714285714286,0.16080402010050251,0.21875,0.2916666666666667,0.5714285714285714,0.19597989949748743,0.3076923076923077,0.3157894736842105,0.8333333333333334,0.11557788944723618,0.34782608695652173,0.34782608695652173,1.0,0.2613065326633166,0.34615384615384615,0.34615384615384615,0.8888888888888888,0.2857142857142857,0.5,0.3333333333333333,0.09523809523809523,0.5,1.0,0.3333333333333333,0.2857142857142857,1.0,0.28205128205128205,0.7272727272727273,0.15384615384615385,0.3333333333333333,0.2564102564102564,0.1,0.6432160804020101,0.35294117647058826,0.5246828282828283,0.5299192307692308,0.5080697368421053,0.11009174311926606,0.15,0.0912863070539419,0.22406639004149378,8.452419354838709,25.054666666666666,0.3333333333333333,0.24,0.125,0.2,0.26495726495726496,2.0,,2.0,3.0,2.0,,,0.011111111111111112,0.021739130434782608,0.2,,1.0,,1.0,1.0,0.038461538461538464,,,,,4.0,,,,,,,,2022
203399,1611661322,Elena Delle Donne,Elena Delle Donne,203399,WAS,41227.0,25,687,153.0,1330,1325,238.0,208.0,135.0,2655,33.0,40.0,10.0,12.0,3.0,5.0,70.0,146.0,17.0,42.0,1.0,7.0,,1.0,,,34.0,88.0,,5.0,7.0,19.0,120.0,228.0,35.0,95.0,84.0,429.0,1291,17.0,28.0,,6.0,18.0,52.0,20.0,40.0,7.0,19.0,13.0,74.0,166.0,74.0,99.0,6.0,88.0,34.0,10.0,1.0,34.0,23.0,57.0,18.0,5.0,18.0,7.0,9.0,137.0,12.0,17.0,43.0,79.0,6.0,128.0,30.0,158.0,11.0,12.0,11.0,1.0,14.0,4.0,6.0,13.0,,8.0,1.0,27.0,3.0,3.0,13.0,36.0,3.0,2.0,4.0,84.0,,2.0,92.0,11.0,2.0,48.0,1.0,1.0,26.0,20.0,27.0,377.0,72.0,236.0,2.0,,,9.0,14.0,3.0,,108.57142857142857,97.43396226415095,0.6916666666666667,0.7280701754385965,0.9428571428571428,0.3684210526315789,,0.3684210526315789,0.3684210526315789,0.5263157894736842,0.6071428571428571,0.5,0.5340557275541795,0.5,0.5169491525423728,0.5897790055248618,0.6046511627906976,0.5606060606060606,0.29411764705882354,0.010526315789473684,0.043859649122807015,0.025,0.04794520547945205,0.047619047619047616,0.011363636363636364,26.372881355932204,0.5185185185185185,0.2222222222222222,0.2073490813648294,0.04815864022662889,0.1799163179916318,0.049586776859504134,0.1967741935483871,0.04873949579831933,0.08571428571428572,0.03553299492385787,0.05825242718446602,0.2028985507246377,0.2696629213483146,0.12686567164179105,0.17894736842105263,0.1836734693877551,0.07142857142857142,0.1238390092879257,0.825,0.8461538461538461,0.696969696969697,0.4520123839009288,0.4794520547945205,0.5035971223021583,0.6428571428571429,0.13003095975232198,0.40476190476190477,0.425,0.8823529411764706,0.021671826625386997,0.14285714285714285,0.14285714285714285,1.0,0.2724458204334365,0.38636363636363635,0.39080459770114945,0.9411764705882353,0.35294117647058826,0.8333333333333334,0.4,0.029411764705882353,,,0.14705882352941177,,,0.0847457627118644,0.6,,,0.3220338983050847,0.3684210526315789,0.4179566563467492,0.38636363636363635,0.44654907120743037,0.52173,0.41852966101694916,0.13573407202216067,0.1811320754716981,0.12121212121212122,0.17249417249417248,9.259210526315789,25.493684210526318,0.7142857142857143,0.2894736842105263,0.21739130434782608,0.20689655172413793,0.17894736842105263,12.0,,1.0,5.0,21.0,,,0.046511627906976744,,0.7777777777777778,,,,1.0,1.0,0.010416666666666666,1.0,,0.04,,1.0,1.0,,,,,,,2022
1631044,1611661330,Naz Hillmon,Naz Hillmon,1631044,ATL,40423.0,34,674,-27.0,1323,1323,299.0,338.0,187.0,2646,37.0,65.0,13.0,23.0,11.0,19.0,10.0,28.0,12.0,28.0,,1.0,,,,,,1.0,,,,1.0,59.0,121.0,,2.0,32.0,150.0,1363,19.0,31.0,,,5.0,43.0,14.0,29.0,,1.0,14.0,42.0,96.0,22.0,,,1.0,,19.0,,23.0,18.0,41.0,15.0,3.0,16.0,5.0,2.0,100.0,22.0,29.0,42.0,72.0,6.0,120.0,52.0,172.0,6.0,22.0,16.0,6.0,22.0,3.0,17.0,18.0,1.0,5.0,2.0,40.0,3.0,7.0,22.0,51.0,2.0,4.0,6.0,39.0,5.0,,39.0,5.0,,18.0,,4.0,10.0,3.0,10.0,107.0,42.0,297.0,6.0,4.0,,20.0,20.0,9.0,7.0,100.98261526832955,103.02343159486016,0.8135593220338984,0.9411764705882353,,,,,,0.48760330578512395,0.6129032258064516,0.4827586206896552,0.4796747967479675,0.6129032258064516,0.4666666666666667,0.5357142857142857,0.6515151515151515,0.5526315789473685,0.016260162601626018,,0.15702479338842976,0.13846153846153847,0.35714285714285715,,,11.680726800778714,0.55,0.20689655172413793,0.19726027397260273,0.06987951807228916,0.16470588235294117,0.09954751131221719,0.18387096774193548,0.08018867924528301,0.09836065573770492,0.060240963855421686,0.09883720930232558,0.2459016393442623,0.17266187050359713,0.17307692307692307,0.16176470588235295,0.17647058823529413,0.13953488372093023,0.5284552845528455,0.5692307692307692,0.6607142857142857,0.7297297297297297,0.22764227642276422,0.35714285714285715,0.5555555555555556,0.9,0.22764227642276422,0.42857142857142855,0.42857142857142855,1.0,0.008130081300813009,,,,0.008130081300813009,,,,0.7419354838709677,0.5652173913043478,0.3076923076923077,,,,,,,0.6333333333333333,0.5789473684210527,,,0.03333333333333333,,0.5447154471544715,,0.5168479674796748,0.6046578947368421,0.5368066666666667,0.1323529411764706,0.13432835820895522,0.2866666666666667,0.28,6.796694214876033,24.2,0.5925925925925926,0.5294117647058824,0.1875,,0.22600151171579744,16.0,2.0,1.0,7.0,5.0,1.0,,0.05511811023622047,0.10204081632653061,0.5,,,,,,,1.0,1.0,0.030303030303030304,,,2.0,,,,,,,2022
1628899,1611661322,Myisha Hines-Allen,Myisha Hines-Allen,1628899,WAS,39481.0,34,658,17.0,1272,1269,185.0,177.0,135.0,2541,50.0,75.0,7.0,13.0,6.0,10.0,25.0,86.0,10.0,35.0,3.0,13.0,,,,2.0,26.0,66.0,2.0,11.0,4.0,9.0,85.0,196.0,29.0,79.0,45.0,302.0,1244,12.0,24.0,2.0,11.0,6.0,36.0,9.0,27.0,4.0,11.0,18.0,48.0,96.0,74.0,87.0,,66.0,26.0,15.0,,34.0,32.0,66.0,19.0,13.0,24.0,4.0,6.0,164.0,12.0,25.0,46.0,91.0,5.0,142.0,37.0,179.0,10.0,26.0,18.0,8.0,19.0,8.0,12.0,38.0,2.0,7.0,11.0,57.0,4.0,6.0,23.0,56.0,2.0,3.0,10.0,52.0,1.0,3.0,64.0,4.0,,30.0,,3.0,9.0,4.0,10.0,266.0,48.0,184.0,2.0,3.0,,14.0,3.0,5.0,,99.13522012578616,98.02994483845548,0.5647058823529412,0.6075949367088608,1.0,0.3670886075949367,0.18181818181818182,0.36363636363636365,0.3670886075949367,0.4336734693877551,0.5,0.3333333333333333,0.4672727272727273,0.42857142857142855,0.39473684210526316,0.4967105263157895,0.46153846153846156,0.5217391304347826,0.2872727272727273,,0.07653061224489796,0.05333333333333334,0.12790697674418605,,,25.35112359550562,0.3333333333333333,0.18518518518518517,0.24661246612466126,0.06648936170212766,0.20909090909090908,0.05286343612334802,0.23259762308998302,0.06135986733001658,0.06451612903225806,0.06349206349206349,0.04945054945054945,0.28205128205128205,0.2558139534883721,0.21008403361344538,0.22598870056497175,0.13953488372093023,0.07092198581560284,0.2727272727272727,0.6666666666666666,0.704225352112676,0.52,0.31272727272727274,0.29069767441860467,0.3333333333333333,0.6,0.12727272727272726,0.2857142857142857,0.2857142857142857,0.7,0.04727272727272727,0.23076923076923078,0.23076923076923078,1.0,0.24,0.3939393939393939,0.3939393939393939,1.0,0.37142857142857144,0.5384615384615384,0.2857142857142857,,,,0.3142857142857143,0.18181818181818182,1.0,0.2631578947368421,0.6,0.05263157894736842,,0.23684210526315788,0.4444444444444444,0.56,0.3939393939393939,0.47420763636363644,0.47721956521739134,0.4226776315789474,0.09966777408637874,0.13513513513513514,0.11920529801324503,0.15894039735099338,7.349489795918367,24.47721518987342,0.32,0.2542372881355932,0.2916666666666667,0.16666666666666666,0.14544025157232704,12.0,,5.0,5.0,6.0,,,0.07446808510638298,0.06666666666666667,0.6,,,,1.0,1.0,,,,,,,1.0,,,,,,,2022
204330,1611661321,Isabelle Harrison,Isabelle Harrison,204330,DAL,38619.0,35,644,-29.0,1268,1277,281.0,256.0,155.0,2545,76.0,134.0,10.0,21.0,16.0,30.0,31.0,88.0,7.0,25.0,,,,,,,2.0,2.0,1.0,1.0,2.0,2.0,114.0,247.0,2.0,2.0,72.0,306.0,1340,13.0,36.0,1.0,1.0,15.0,44.0,23.0,47.0,2.0,2.0,26.0,78.0,168.0,60.0,6.0,,2.0,2.0,31.0,,25.0,21.0,46.0,19.0,2.0,13.0,5.0,7.0,113.0,14.0,33.0,31.0,62.0,9.0,102.0,48.0,150.0,6.0,26.0,19.0,7.0,18.0,2.0,8.0,28.0,3.0,10.0,11.0,46.0,5.0,7.0,23.0,73.0,1.0,7.0,7.0,75.0,6.0,2.0,83.0,6.0,1.0,32.0,,11.0,5.0,3.0,5.0,262.0,76.0,273.0,9.0,10.0,,21.0,18.0,16.0,13.0,103.39116719242902,104.93343774471418,0.7368421052631579,0.7850467289719626,1.0,1.0,1.0,1.0,1.0,0.46153846153846156,0.3611111111111111,0.48936170212765956,0.46987951807228917,0.3918918918918919,0.5306122448979592,0.5332167832167832,0.4888888888888889,0.6015625,0.008032128514056224,,0.12550607287449392,0.12686567164179105,0.1590909090909091,,,22.94402211472011,0.391304347826087,0.3,0.18507462686567164,0.0825,0.1415525114155251,0.06666666666666667,0.16787003610108303,0.07704918032786885,0.112,0.06779661016949153,0.0625,0.21428571428571427,0.16770186335403728,0.18421052631578946,0.13068181818181818,0.18604651162790697,0.0594059405940594,0.5381526104417671,0.5671641791044776,0.6495726495726496,0.75,0.3534136546184739,0.3522727272727273,0.4189189189189189,0.6774193548387096,0.10040160642570281,0.28,0.28,0.8571428571428571,,,,,0.008032128514056224,1.0,1.0,1.0,0.5675675675675675,0.47619047619047616,0.3,,,,0.02702702702702703,1.0,1.0,0.6122448979591837,0.5333333333333333,,,0.04081632653061224,1.0,0.5461847389558233,1.0,0.5042313253012048,0.5089303571428572,0.4990326530612245,0.11636363636363636,0.11721611721611722,0.1437908496732026,0.2549019607843137,5.693117408906883,25.3,0.25862068965517243,0.30357142857142855,0.29411764705882354,,0.221608832807571,14.0,,1.0,2.0,4.0,1.0,,0.07142857142857142,0.08823529411764706,0.8,,,,,,,1.0,3.0,0.02564102564102564,,,1.0,,,,,1.0,,2022
1631083,1611661325,Emily Engstler,Emily Engstler,1631083,IND,38555.0,35,643,-204.0,1283,1301,276.0,422.0,191.0,2584,48.0,97.0,16.0,33.0,5.0,15.0,5.0,28.0,3.0,12.0,2.0,7.0,,1.0,,1.0,14.0,38.0,,1.0,2.0,7.0,56.0,137.0,16.0,45.0,21.0,181.0,1460,17.0,40.0,,2.0,5.0,39.0,5.0,26.0,2.0,8.0,6.0,22.0,62.0,50.0,42.0,6.0,38.0,14.0,10.0,,38.0,13.0,51.0,9.0,4.0,24.0,7.0,7.0,115.0,17.0,52.0,38.0,64.0,7.0,109.0,72.0,181.0,13.0,27.0,15.0,12.0,24.0,5.0,16.0,24.0,3.0,8.0,5.0,48.0,3.0,12.0,69.0,110.0,,6.0,11.0,38.0,6.0,1.0,38.0,6.0,,19.0,,3.0,37.0,13.0,40.0,142.0,22.0,271.0,9.0,3.0,1.0,53.0,42.0,35.0,12.0,97.89555728760718,112.22136817832437,0.5535714285714286,0.7209302325581395,0.875,0.35555555555555557,,0.25,0.35555555555555557,0.40875912408759124,0.425,0.19230769230769232,0.43956043956043955,0.40476190476190477,0.23529411764705882,0.45707070707070707,0.4148936170212766,0.2894736842105263,0.24725274725274726,,0.072992700729927,0.07216494845360824,0.10714285714285714,,,16.312997347480106,0.5,0.17073170731707318,0.17582417582417584,0.11659192825112108,0.19487179487179487,0.08374384236453201,0.18246869409660108,0.10631741140215717,0.15060240963855423,0.12837837837837837,0.07692307692307693,0.16279069767441862,0.15942028985507245,0.21649484536082475,0.19736842105263158,0.18604651162790697,0.13131313131313133,0.532967032967033,0.4948453608247423,0.5333333333333333,0.5208333333333334,0.15384615384615385,0.17857142857142858,0.2,0.6,0.06593406593406594,0.25,0.25,1.0,0.038461538461538464,0.2857142857142857,0.2857142857142857,0.5,0.2087912087912088,0.3684210526315789,0.3684210526315789,0.9285714285714286,0.7857142857142857,0.48484848484848486,0.125,0.023809523809523808,,,0.023809523809523808,,,0.4411764705882353,0.3333333333333333,0.029411764705882353,,0.20588235294117646,0.2857142857142857,0.7802197802197802,0.3684210526315789,0.546053021978022,0.5715833333333333,0.4914044117647059,0.09743589743589744,0.12666666666666668,0.2154696132596685,0.12154696132596685,4.316058394160583,24.635555555555552,0.3541666666666667,0.34782608695652173,0.2222222222222222,0.3448275862068966,0.2151208106001559,26.0,,,23.0,19.0,7.0,5.0,0.06060606060606061,0.10638297872340426,0.475,,,,3.0,3.0,,3.0,,0.075,,1.0,,1.0,,,,,,2022
1630096,1611661323,DiJonai Carrington,DiJonai Carrington,1630096,CON,37863.0,36,631,97.0,1260,1257,369.0,319.0,194.0,2517,51.0,101.0,10.0,22.0,10.0,22.0,14.0,37.0,,3.0,3.0,11.0,,1.0,,2.0,16.0,51.0,1.0,4.0,4.0,12.0,65.0,141.0,19.0,62.0,57.0,244.0,1216,10.0,25.0,1.0,5.0,10.0,33.0,14.0,38.0,4.0,14.0,22.0,62.0,68.0,62.0,54.0,3.0,51.0,16.0,14.0,1.0,30.0,8.0,38.0,5.0,3.0,19.0,8.0,3.0,84.0,15.0,23.0,36.0,34.0,4.0,74.0,38.0,112.0,3.0,29.0,16.0,13.0,30.0,14.0,16.0,29.0,5.0,14.0,2.0,59.0,9.0,14.0,25.0,70.0,3.0,5.0,4.0,66.0,4.0,8.0,76.0,4.0,,37.0,,2.0,3.0,2.0,4.0,211.0,62.0,369.0,7.0,2.0,,11.0,6.0,14.0,,104.20634920634922,96.73826571201273,0.5230769230769231,0.5666666666666667,0.9473684210526315,0.3064516129032258,0.2,0.2857142857142857,0.3064516129032258,0.46099290780141844,0.4,0.3684210526315789,0.4605911330049261,0.38333333333333336,0.38461538461538464,0.5126050420168067,0.4583333333333333,0.49206349206349204,0.3054187192118227,0.016129032258064516,0.09929078014184398,0.0891089108910891,0.13513513513513514,,0.0196078431372549,19.986541049798117,0.5084745762711864,0.13333333333333333,0.10365853658536585,0.05764411027568922,0.16901408450704225,0.09259259259259259,0.12939001848428835,0.0677361853832442,0.06077348066298342,0.04697986577181208,0.07518796992481203,0.0603448275862069,0.1111111111111111,0.14736842105263157,0.17751479289940827,0.13636363636363635,0.030303030303030304,0.4975369458128079,0.504950495049505,0.5543478260869565,0.5294117647058824,0.18226600985221675,0.3783783783783784,0.4375,0.5,0.014778325123152709,,,,0.054187192118226604,0.2727272727272727,0.2727272727272727,1.0,0.2512315270935961,0.3137254901960784,0.32,0.9375,0.7333333333333333,0.45454545454545453,0.4,0.03333333333333333,,,0.13333333333333333,0.25,1.0,0.4230769230769231,0.45454545454545453,0.038461538461538464,,0.23076923076923078,0.3333333333333333,0.8029556650246306,0.3137254901960784,0.5593793103448276,0.5642653846153846,0.5040278846153846,0.15677966101694915,0.21264367816091953,0.13524590163934427,0.2540983606557377,3.8255319148936167,25.154838709677417,0.46,0.3181818181818182,0.5,0.4,0.29285714285714287,10.0,1.0,1.0,1.0,3.0,1.0,,0.07246376811594203,0.1724137931034483,0.75,,,,1.0,1.0,,,,,,,,,,,,,,2022
1627671,1611661324,Rachel Banham,Rachel Banham,1627671,MIN,37778.0,36,630,43.0,1270,1265,316.0,304.0,145.0,2535,11.0,16.0,1.0,2.0,3.0,4.0,12.0,22.0,21.0,48.0,8.0,20.0,,1.0,4.0,8.0,49.0,129.0,3.0,8.0,15.0,35.0,44.0,86.0,57.0,149.0,24.0,283.0,1258,2.0,4.0,3.0,9.0,,13.0,12.0,22.0,19.0,43.0,12.0,93.0,40.0,48.0,120.0,51.0,129.0,49.0,3.0,1.0,65.0,16.0,81.0,9.0,7.0,37.0,14.0,14.0,178.0,,3.0,15.0,29.0,1.0,45.0,3.0,48.0,,9.0,6.0,3.0,31.0,11.0,22.0,17.0,1.0,9.0,3.0,48.0,3.0,11.0,27.0,62.0,,1.0,2.0,24.0,,7.0,30.0,1.0,2.0,6.0,3.0,3.0,3.0,2.0,4.0,270.0,90.0,309.0,8.0,1.0,1.0,17.0,8.0,8.0,,102.44094488188976,99.44664031620553,0.45454545454545453,0.45454545454545453,0.7017543859649122,0.3825503355704698,0.3333333333333333,0.4418604651162791,0.3825503355704698,0.5116279069767442,0.5,0.5454545454545454,0.551063829787234,0.5,0.6230769230769231,0.5711382113821138,0.5,0.647887323943662,0.6340425531914894,0.006711409395973154,0.03488372093023256,0.0625,0.09090909090909091,,0.007751937984496124,20.445062586926284,0.6458333333333334,0.027777777777777776,0.08055555555555556,0.0084985835694051,0.06097560975609756,,0.07260726072607261,0.005366726296958855,0.008547008547008548,0.008333333333333333,,0.12037037037037036,0.025974025974025976,0.12244897959183673,0.07222222222222222,0.030303030303030304,,0.06808510638297872,0.6875,0.7333333333333333,0.6363636363636364,0.09361702127659574,0.5454545454545454,0.6,0.5833333333333334,0.20425531914893616,0.4375,0.4375,0.2857142857142857,0.0851063829787234,0.4,0.4,1.0,0.548936170212766,0.3798449612403101,0.3828125,0.6530612244897959,0.15384615384615385,0.5,1.0,0.07692307692307693,,,0.6153846153846154,0.375,1.0,0.06153846153846154,0.75,0.12307692307692308,0.5,0.5384615384615384,0.42857142857142855,0.7021276595744681,0.3798449612403101,0.4840274468085106,0.5125055555555555,0.45792846153846156,0.03305785123966942,0.06593406593406594,0.045936395759717315,0.3286219081272085,12.822093023255814,25.178523489932886,0.2,0.2,0.23076923076923078,0.27906976744186046,0.24881889763779527,,,,1.0,3.0,,,0.008620689655172414,,0.75,,,,1.0,1.0,0.013245033112582781,,,,,,2.0,,,,,,,2022
1629479,1611661321,Teaira McCowan,Teaira McCowan,1629479,DAL,37354.0,33,623,72.0,1199,1201,260.0,272.0,186.0,2400,116.0,179.0,42.0,64.0,17.0,26.0,22.0,51.0,1.0,1.0,,,,,,,,,,,,,139.0,231.0,,,84.0,362.0,1284,47.0,77.0,,,29.0,123.0,23.0,38.0,,,23.0,69.0,202.0,76.0,,,,,27.0,,16.0,9.0,25.0,2.0,7.0,10.0,3.0,3.0,59.0,28.0,65.0,33.0,92.0,9.0,134.0,98.0,232.0,10.0,11.0,9.0,2.0,16.0,2.0,5.0,40.0,3.0,11.0,3.0,56.0,8.0,9.0,56.0,102.0,1.0,5.0,24.0,120.0,6.0,3.0,140.0,12.0,,63.0,,13.0,22.0,8.0,22.0,239.0,69.0,258.0,5.0,12.0,3.0,38.0,23.0,32.0,19.0,113.09424520433694,106.91090757701916,0.7266187050359713,0.9439252336448598,,,,,,0.6017316017316018,0.6103896103896104,0.6052631578947368,0.6017316017316018,0.6103896103896104,0.6052631578947368,0.6135593220338983,0.6612903225806451,0.6160714285714286,,,0.11688311688311688,0.10614525139664804,0.1568627450980392,,,24.8403122782115,0.2857142857142857,0.3103448275862069,0.27380952380952384,0.18895348837209303,0.17647058823529413,0.13658536585365855,0.2390057361376673,0.16939890710382513,0.12195121951219512,0.24242424242424243,0.14814814814814814,0.2736842105263158,0.33884297520661155,0.20833333333333334,0.1619718309859155,0.2222222222222222,0.15384615384615385,0.7748917748917749,0.6480446927374302,0.725,0.6982758620689655,0.22077922077922077,0.43137254901960786,0.5116279069767442,0.8636363636363636,0.004329004329004329,1.0,1.0,1.0,,,,,,,,,0.8311688311688312,0.65625,0.21428571428571427,,,,,,,0.6842105263157895,0.6538461538461539,,,,,0.7748917748917749,,0.5637398268398268,0.5802981818181818,0.5208526315789473,0.22340425531914893,0.22340425531914893,0.3397790055248619,0.19060773480662985,3.1173160173160173,,0.31746031746031744,0.2413793103448276,,,0.21684737281067556,64.0,1.0,,13.0,8.0,5.0,,0.20224719101123595,0.09302325581395349,0.36363636363636365,,,,,,,5.0,4.0,0.12195121951219512,,1.0,,1.0,,,,,,2022
1629546,1611661313,Marine Johannes,Marine Johannes,1629546,NYL,36706.0,24,612,9.0,1218,1211,230.0,282.0,131.0,2429,11.0,18.0,,,3.0,4.0,6.0,14.0,11.0,21.0,8.0,26.0,2.0,5.0,1.0,2.0,47.0,100.0,7.0,13.0,10.0,19.0,28.0,53.0,55.0,126.0,20.0,241.0,1279,,1.0,9.0,18.0,1.0,28.0,4.0,12.0,11.0,21.0,8.0,49.0,38.0,18.0,147.0,18.0,99.0,47.0,1.0,,49.0,33.0,82.0,25.0,8.0,31.0,15.0,3.0,197.0,4.0,1.0,16.0,19.0,,35.0,5.0,40.0,2.0,14.0,9.0,5.0,26.0,7.0,18.0,18.0,4.0,8.0,5.0,44.0,,8.0,24.0,38.0,,1.0,1.0,20.0,,2.0,23.0,,2.0,3.0,3.0,2.0,3.0,1.0,3.0,213.0,47.0,229.0,2.0,1.0,,12.0,11.0,1.0,,105.74712643678161,105.61519405450042,0.6785714285714286,0.6785714285714286,0.8909090909090909,0.4365079365079365,0.5,0.5238095238095238,0.44,0.5283018867924528,,0.3333333333333333,0.61731843575419,0.7105263157894737,0.6212121212121212,0.6417112299465241,0.7105263157894737,0.6621621621621622,0.7039106145251397,,0.018867924528301886,0.05555555555555555,,,,16.96035242290749,0.5909090909090909,,0.051075268817204304,0.003355704697986577,0.07339449541284404,0.015037593984962405,0.059322033898305086,0.008865248226950355,0.009433962264150943,,0.008968609865470852,0.038461538461538464,0.05128205128205128,0.06976744186046512,0.0903954802259887,,0.02247191011235955,0.1005586592178771,0.6111111111111112,0.6470588235294118,0.8181818181818182,0.0782122905027933,0.42857142857142855,0.42857142857142855,0.6666666666666666,0.11731843575418995,0.5238095238095238,0.5238095238095238,0.5454545454545454,0.1452513966480447,0.3076923076923077,0.3076923076923077,1.0,0.5586592178770949,0.47,0.47,0.8723404255319149,,,,0.2631578947368421,0.4,1.0,0.6842105263157895,0.5384615384615384,0.8571428571428571,0.12121212121212122,0.75,0.06060606060606061,0.5,0.5757575757575758,0.5263157894736842,0.8044692737430168,0.47474747474747475,0.5041474719101123,0.4923461538461539,0.4587765625,0.032432432432432434,0.05357142857142857,0.11618257261410789,0.2033195020746888,9.833962264150944,25.025396825396825,0.14285714285714285,,0.5,0.2153846153846154,0.18883415435139572,,1.0,,2.0,2.0,,2.0,,0.046511627906976744,0.6666666666666666,,1.0,,,,0.023255813953488372,,,,,,,,3.0,,,,,2022
201896,1611661328,Briann January,Briann January,201896,SEA,36500.0,36,608,-49.0,1172,1195,235.0,279.0,126.0,2367,8.0,11.0,2.0,3.0,1.0,2.0,2.0,8.0,13.0,29.0,5.0,11.0,,,1.0,1.0,18.0,63.0,1.0,7.0,2.0,14.0,23.0,48.0,23.0,74.0,19.0,134.0,1195,2.0,4.0,1.0,7.0,,7.0,2.0,6.0,3.0,15.0,9.0,22.0,24.0,22.0,60.0,9.0,63.0,18.0,2.0,1.0,54.0,31.0,85.0,25.0,6.0,23.0,21.0,10.0,201.0,5.0,2.0,12.0,17.0,,29.0,7.0,36.0,,23.0,17.0,6.0,31.0,13.0,26.0,22.0,1.0,5.0,1.0,53.0,4.0,12.0,18.0,59.0,1.0,1.0,4.0,39.0,2.0,4.0,23.0,1.0,,5.0,,6.0,8.0,4.0,8.0,127.0,22.0,233.0,9.0,6.0,,10.0,2.0,4.0,2.0,97.7815699658703,100.0,0.5217391304347826,0.5217391304347826,0.8695652173913043,0.3108108108108108,0.14285714285714285,0.2,0.3108108108108108,0.4791666666666667,0.5,0.3333333333333333,0.4713114754098361,0.3181818181818182,0.30952380952380953,0.5075757575757576,0.3181818181818182,0.4074074074074074,0.6065573770491803,0.013513513513513514,0.041666666666666664,,0.125,0.034482758620689655,0.015873015873015872,14.05775075987842,0.5849056603773585,,0.04941860465116279,0.005934718100890208,0.05504587155963303,0.021645021645021644,0.051601423487544484,0.01232394366197183,,,0.015384615384615385,0.047058823529411764,0.06134969325153374,0.03125,0.05113636363636364,0.07142857142857142,,0.09016393442622951,0.7272727272727273,0.7272727272727273,0.625,0.06557377049180328,0.25,0.2857142857142857,,0.23770491803278687,0.4482758620689655,0.4642857142857143,0.5384615384615384,0.09016393442622951,0.45454545454545453,0.45454545454545453,1.0,0.5163934426229508,0.2857142857142857,0.2903225806451613,0.8333333333333334,0.2727272727272727,0.6666666666666666,1.0,,,,0.6363636363636364,0.14285714285714285,1.0,0.09523809523809523,0.5,0.047619047619047616,1.0,0.6666666666666666,0.14285714285714285,0.6967213114754098,0.2857142857142857,0.4858582644628099,0.54186875,0.460595,0.03968253968253968,0.09615384615384616,0.05223880597014925,0.16417910447761194,13.610416666666666,24.8972972972973,0.6666666666666666,,0.35714285714285715,0.1836734693877551,0.20051194539249148,,1.0,4.0,4.0,5.0,,,0.017699115044247787,0.05555555555555555,0.625,,,,,,,,,,,,,,,,,,,2022
1629524,1611661324,Bridget Carleton,Bridget Carleton,1629524,MIN,36338.0,36,606,56.0,1201,1204,331.0,308.0,151.0,2405,15.0,28.0,,2.0,2.0,3.0,4.0,10.0,6.0,14.0,12.0,32.0,1.0,3.0,4.0,6.0,17.0,51.0,1.0,6.0,6.0,18.0,25.0,52.0,29.0,83.0,19.0,156.0,1201,1.0,4.0,2.0,9.0,,8.0,3.0,6.0,10.0,24.0,5.0,41.0,46.0,4.0,78.0,9.0,51.0,17.0,4.0,3.0,27.0,13.0,40.0,10.0,3.0,15.0,9.0,3.0,93.0,8.0,3.0,20.0,42.0,3.0,65.0,12.0,77.0,,16.0,10.0,6.0,13.0,2.0,9.0,10.0,2.0,4.0,2.0,23.0,1.0,4.0,22.0,56.0,1.0,3.0,,39.0,5.0,8.0,26.0,2.0,,12.0,,2.0,2.0,1.0,5.0,148.0,41.0,330.0,5.0,2.0,2.0,11.0,5.0,,,104.66278101582016,99.75083056478407,0.92,0.92,0.896551724137931,0.3493975903614458,0.2222222222222222,0.4166666666666667,0.3493975903614458,0.4807692307692308,0.25,0.5,0.5074074074074074,0.3076923076923077,0.6,0.5306122448979592,0.3076923076923077,0.6212121212121212,0.6148148148148148,0.03614457831325301,0.07692307692307693,0.10714285714285714,,0.07142857142857142,0.0392156862745098,12.445095168374817,0.5652173913043478,0.0967741935483871,0.12209302325581395,0.008928571428571428,0.08849557522123894,0.039603960396039604,0.10877192982456141,0.020446096654275093,,0.02459016393442623,0.037267080745341616,0.1836734693877551,0.07913669064748201,0.12149532710280374,0.06432748538011696,0.16363636363636364,,0.2074074074074074,0.5357142857142857,0.6,0.9333333333333333,0.07407407407407407,0.4,0.4,0.75,0.1037037037037037,0.42857142857142855,0.46153846153846156,1.0,0.23703703703703705,0.375,0.3870967741935484,1.0,0.37777777777777777,0.3333333333333333,0.3469387755102041,0.8235294117647058,0.15384615384615385,,,0.23076923076923078,0.3333333333333333,1.0,0.46153846153846156,0.16666666666666666,1.0,0.1,0.6666666666666666,0.2,0.6666666666666666,0.6,0.3333333333333333,0.8222222222222222,0.3333333333333333,0.5207314814814815,0.510725,0.4802766666666667,0.08275862068965517,0.1935483870967742,0.05128205128205128,0.26282051282051283,7.378846153846154,24.497590361445784,0.4166666666666667,0.16666666666666666,0.2857142857142857,0.28846153846153844,0.2756036636136553,,1.0,5.0,1.0,4.0,,,,0.04878048780487805,0.8,,,,3.0,3.0,,1.0,,0.024390243902439025,,,,,,,0.03125,,,2022
1628929,1611661330,Kristy Wallace,Kristy Wallace,1628929,ATL,36113.0,29,602,-68.0,1196,1206,281.0,330.0,146.0,2402,18.0,35.0,2.0,3.0,2.0,5.0,11.0,32.0,12.0,27.0,9.0,26.0,1.0,3.0,2.0,3.0,16.0,42.0,4.0,10.0,3.0,10.0,41.0,94.0,25.0,68.0,33.0,190.0,1176,2.0,6.0,5.0,13.0,2.0,21.0,5.0,13.0,5.0,13.0,15.0,40.0,52.0,30.0,75.0,,41.0,16.0,15.0,2.0,50.0,13.0,63.0,10.0,3.0,20.0,19.0,11.0,139.0,6.0,12.0,23.0,24.0,3.0,50.0,18.0,68.0,7.0,17.0,5.0,12.0,26.0,5.0,22.0,17.0,2.0,4.0,4.0,43.0,6.0,7.0,27.0,58.0,4.0,4.0,,53.0,1.0,8.0,42.0,2.0,,16.0,1.0,5.0,6.0,4.0,6.0,169.0,40.0,276.0,4.0,4.0,3.0,13.0,19.0,10.0,2.0,92.64214046822742,97.51243781094527,0.6341463414634146,0.6666666666666666,1.0,0.36764705882352944,0.38461538461538464,0.38461538461538464,0.373134328358209,0.43617021276595747,0.3333333333333333,0.38461538461538464,0.4845679012345679,0.5,0.4807692307692308,0.521978021978022,0.525,0.5882352941176471,0.41975308641975306,0.029411764705882353,0.1595744680851064,0.17142857142857143,0.25,0.037037037037037035,0.023809523809523808,16.422287390029325,0.6046511627906976,0.08108108108108109,0.06896551724137931,0.031914893617021274,0.1,0.031578947368421054,0.08131487889273356,0.03180212014134275,0.00980392156862745,0.05161290322580645,0.03496503496503497,0.05405405405405406,0.061068702290076333,0.09433962264150944,0.09444444444444444,0.12,0.09210526315789473,0.21604938271604937,0.5142857142857142,0.6206896551724138,0.6111111111111112,0.19753086419753085,0.34375,0.4583333333333333,0.6363636363636364,0.16666666666666666,0.4444444444444444,0.46153846153846156,0.6666666666666666,0.16049382716049382,0.34615384615384615,0.36,1.0,0.25925925925925924,0.38095238095238093,0.3902439024390244,1.0,0.15789473684210525,0.6666666666666666,,0.15789473684210525,0.3333333333333333,1.0,0.5263157894736842,0.4,1.0,0.19230769230769232,0.4,0.11538461538461539,0.6666666666666666,0.38461538461538464,0.3,0.6358024691358025,0.3902439024390244,0.49617781250000004,0.5166583333333333,0.5076458333333334,0.096045197740113,0.14814814814814814,0.11052631578947368,0.21052631578947367,8.712765957446809,24.91029411764706,0.4117647058823529,0.47619047619047616,0.26666666666666666,0.275,0.23494983277591974,4.0,,3.0,2.0,4.0,,,0.025210084033613446,0.02127659574468085,0.6666666666666666,,1.0,,,,0.014492753623188406,,,,,,,,,,0.038461538461538464,,,2022
1631089,1611661325,Destanni Henderson,Destanni Henderson,1631089,IND,35666.0,36,594,-232.0,1210,1208,313.0,388.0,166.0,2418,29.0,59.0,4.0,11.0,10.0,16.0,8.0,23.0,8.0,24.0,10.0,23.0,1.0,3.0,3.0,8.0,16.0,48.0,1.0,5.0,4.0,17.0,45.0,106.0,26.0,71.0,23.0,191.0,1367,6.0,17.0,2.0,8.0,,18.0,12.0,23.0,7.0,25.0,12.0,57.0,32.0,58.0,66.0,12.0,44.0,16.0,12.0,1.0,64.0,25.0,89.0,23.0,2.0,33.0,17.0,14.0,203.0,11.0,15.0,14.0,16.0,,30.0,27.0,57.0,8.0,27.0,16.0,11.0,42.0,6.0,35.0,18.0,3.0,7.0,5.0,60.0,7.0,10.0,15.0,32.0,,,2.0,35.0,2.0,5.0,32.0,5.0,1.0,13.0,,5.0,3.0,3.0,3.0,173.0,57.0,310.0,3.0,5.0,,14.0,4.0,,1.0,93.80165289256199,113.16225165562913,0.35555555555555557,0.37209302325581395,0.8461538461538461,0.36619718309859156,0.25,0.28,0.3880597014925373,0.42452830188679247,0.35294117647058826,0.5217391304347826,0.4745762711864407,0.36,0.46875,0.5026315789473684,0.34615384615384615,0.5089285714285714,0.4011299435028249,0.014084507042253521,0.11320754716981132,0.1694915254237288,0.043478260869565216,0.041666666666666664,0.020833333333333332,17.8699070764832,0.7,,0.04923076923076923,0.03816793893129771,0.07865168539325842,0.05238095238095238,0.05964214711729622,0.04311774461028192,0.044444444444444446,0.04477611940298507,0.05,0.05384615384615385,0.05042016806722689,0.039473684210526314,0.06569343065693431,0.12195121951219512,0.09302325581395349,0.3333333333333333,0.4915254237288136,0.5918367346938775,0.3103448275862069,0.12994350282485875,0.34782608695652173,0.36363636363636365,0.625,0.13559322033898305,0.3333333333333333,0.34782608695652173,0.25,0.12994350282485875,0.43478260869565216,0.43478260869565216,1.0,0.2711864406779661,0.3333333333333333,0.3404255319148936,0.75,0.44,0.36363636363636365,0.25,0.12,0.3333333333333333,1.0,0.2,0.2,,0.3333333333333333,0.625,0.16666666666666666,0.375,0.3541666666666667,0.23529411764705882,0.7344632768361582,0.36363636363636365,0.5243734104046243,0.5481638888888889,0.5414260869565217,0.07027027027027027,0.11403508771929824,0.09424083769633508,0.29842931937172773,6.750943396226416,26.55211267605634,0.4827586206896552,0.4,0.35714285714285715,0.2564102564102564,0.25867768595041324,4.0,,,,1.0,,,0.024193548387096774,0.06,0.3333333333333333,,4.0,,,,,1.0,1.0,0.02631578947368421,,,,,,,,,,2022
202633,1611661320,Liz Cambage,Liz Cambage,202633,LAS,35063.0,25,584,-38.0,1183,1173,242.0,216.0,107.0,2356,65.0,94.0,12.0,18.0,7.0,10.0,40.0,94.0,8.0,28.0,,,,,,,4.0,14.0,,,1.0,3.0,113.0,216.0,4.0,14.0,87.0,325.0,1262,17.0,33.0,,,13.0,47.0,12.0,33.0,1.0,3.0,28.0,55.0,160.0,66.0,9.0,3.0,14.0,4.0,12.0,,43.0,9.0,52.0,7.0,2.0,28.0,11.0,4.0,113.0,7.0,25.0,43.0,71.0,13.0,127.0,33.0,160.0,7.0,16.0,13.0,3.0,29.0,4.0,22.0,28.0,1.0,7.0,4.0,57.0,2.0,13.0,40.0,79.0,,4.0,17.0,103.0,6.0,3.0,111.0,20.0,,55.0,,11.0,41.0,15.0,41.0,278.0,55.0,237.0,5.0,10.0,,29.0,30.0,26.0,12.0,103.46576500422654,107.58738277919863,0.7079646017699115,0.7766990291262136,0.75,0.2857142857142857,,0.3333333333333333,0.2857142857142857,0.5231481481481481,0.5151515151515151,0.36363636363636365,0.5173913043478261,0.5151515151515151,0.375,0.5887681159420289,0.6025641025641025,0.5288461538461539,0.06086956521739131,,0.05555555555555555,0.07446808510638298,0.05319148936170213,,,25.577812018489983,0.5087719298245614,0.4642857142857143,0.23202614379084968,0.0728862973760933,0.18695652173913044,0.056451612903225805,0.2126865671641791,0.06852248394004283,0.10869565217391304,0.07482993197278912,0.06060606060606061,0.21100917431192662,0.27586206896551724,0.19753086419753085,0.19021739130434784,0.17391304347826086,0.07142857142857142,0.40869565217391307,0.6914893617021277,0.7471264367816092,0.7076923076923077,0.40869565217391307,0.425531914893617,0.449438202247191,0.65,0.12173913043478261,0.2857142857142857,0.2857142857142857,1.0,,,,,0.06086956521739131,0.2857142857142857,0.2857142857142857,0.75,0.5454545454545454,0.6666666666666666,,,,,,,,0.2777777777777778,0.7,,,0.08333333333333333,0.3333333333333333,0.46956521739130436,0.2857142857142857,0.49632413043478263,0.5306928571428572,0.45127083333333334,0.20754716981132076,0.21912350597609562,0.14461538461538462,0.16923076923076924,6.3351851851851855,26.12142857142857,0.4482758620689655,0.22641509433962265,0.05,0.375,0.20456466610312765,20.0,,,25.0,28.0,3.0,,0.038461538461538464,0.04,0.6829268292682927,,,,,,,1.0,,0.02631578947368421,,1.0,1.0,,,,,,,2022
1627676,1611661325,Tiffany Mitchell,Tiffany Mitchell,1627676,IND,33152.0,34,553,-179.0,1103,1128,252.0,350.0,144.0,2231,43.0,68.0,6.0,11.0,14.0,23.0,19.0,60.0,8.0,23.0,4.0,13.0,,1.0,1.0,3.0,8.0,18.0,2.0,3.0,3.0,5.0,70.0,151.0,12.0,31.0,45.0,221.0,1232,8.0,17.0,2.0,4.0,4.0,26.0,17.0,38.0,4.0,8.0,19.0,65.0,72.0,68.0,36.0,,18.0,8.0,7.0,,22.0,18.0,40.0,14.0,4.0,12.0,6.0,4.0,98.0,9.0,10.0,10.0,11.0,,21.0,20.0,41.0,3.0,28.0,23.0,5.0,18.0,3.0,9.0,12.0,1.0,9.0,1.0,30.0,1.0,10.0,12.0,46.0,2.0,6.0,2.0,53.0,2.0,2.0,52.0,7.0,,21.0,1.0,7.0,1.0,1.0,2.0,195.0,65.0,249.0,7.0,7.0,,8.0,,,,95.46690843155032,109.21985815602838,0.5142857142857142,0.5373134328358209,1.0,0.3870967741935484,0.5,0.5,0.3870967741935484,0.46357615894039733,0.47058823529411764,0.4473684210526316,0.4835164835164835,0.5238095238095238,0.5,0.5416666666666666,0.5652173913043478,0.5701754385964912,0.17032967032967034,,0.046357615894039736,0.08823529411764706,0.016666666666666666,,,18.38177533385703,0.6,,0.037037037037037035,0.02702702702702703,0.056179775280898875,0.05202312138728324,0.04421052631578947,0.034990791896869246,0.047619047619047616,0.007462686567164179,0.050724637681159424,0.04065040650406504,0.010638297872340425,0.0625,0.058394160583941604,0.04878048780487805,0.03333333333333333,0.37362637362637363,0.6323529411764706,0.6935483870967742,0.5813953488372093,0.32967032967032966,0.31666666666666665,0.3220338983050847,0.3157894736842105,0.12637362637362637,0.34782608695652173,0.34782608695652173,0.625,0.07142857142857142,0.3076923076923077,0.3076923076923077,1.0,0.0989010989010989,0.4444444444444444,0.4444444444444444,1.0,0.5238095238095238,0.5454545454545454,0.6666666666666666,0.047619047619047616,,,0.14285714285714285,0.6666666666666666,1.0,0.5,0.6086956521739131,0.06521739130434782,0.3333333333333333,0.10869565217391304,0.6,0.5439560439560439,0.4444444444444444,0.5092365384615385,0.5160125,0.5320423913043478,0.1116751269035533,0.12727272727272726,0.11764705882352941,0.29411764705882354,7.156291390728477,24.31935483870968,0.48,0.15384615384615385,0.35714285714285715,0.2631578947368421,0.22846781504986402,6.0,2.0,1.0,,1.0,,,0.02727272727272727,0.05714285714285714,0.5,,,,1.0,1.0,0.03125,1.0,,0.027777777777777776,,,,,,2.0,,,,2022
1630112,1611661321,Tyasha Harris,Tyasha Harris,1630112,DAL,33143.0,35,552,13.0,1067,1060,251.0,227.0,141.0,2127,20.0,32.0,4.0,4.0,5.0,7.0,5.0,28.0,27.0,51.0,3.0,13.0,1.0,2.0,,1.0,14.0,41.0,3.0,5.0,6.0,17.0,52.0,111.0,17.0,54.0,19.0,174.0,1119,7.0,11.0,4.0,7.0,6.0,32.0,11.0,30.0,6.0,18.0,7.0,47.0,22.0,82.0,51.0,,41.0,14.0,9.0,,64.0,35.0,99.0,26.0,9.0,38.0,14.0,12.0,233.0,4.0,2.0,9.0,16.0,1.0,26.0,6.0,32.0,3.0,13.0,9.0,4.0,29.0,3.0,25.0,10.0,1.0,4.0,4.0,39.0,1.0,9.0,19.0,35.0,1.0,2.0,,27.0,1.0,6.0,24.0,5.0,1.0,12.0,,2.0,3.0,2.0,4.0,142.0,47.0,250.0,3.0,2.0,,1.0,3.0,1.0,2.0,106.09184629803187,105.56603773584906,0.21153846153846154,0.21568627450980393,1.0,0.3148148148148148,0.5714285714285714,0.3333333333333333,0.3148148148148148,0.46846846846846846,0.6363636363636364,0.36666666666666664,0.4696969696969697,0.7222222222222222,0.4166666666666667,0.49712643678160917,0.7619047619047619,0.46078431372549017,0.32727272727272727,,0.08108108108108109,0.0625,0.17857142857142858,0.0392156862745098,,17.430441898527004,0.7435897435897436,0.038461538461538464,0.05574912891986063,0.006369426751592357,0.05113636363636364,0.0223463687150838,0.05399568034557235,0.012170385395537525,0.01,0.008130081300813009,0.013888888888888888,0.05263157894736842,0.06060606060606061,0.05063291139240506,0.04861111111111111,0.0625,0.036585365853658534,0.19393939393939394,0.625,0.6666666666666666,0.25,0.1696969696969697,0.17857142857142858,0.21739130434782608,,0.3090909090909091,0.5294117647058824,0.5510204081632653,0.2222222222222222,0.07878787878787878,0.23076923076923078,0.23076923076923078,1.0,0.24848484848484848,0.34146341463414637,0.34146341463414637,1.0,0.2222222222222222,1.0,,0.1111111111111111,0.5,1.0,0.2777777777777778,0.6,1.0,0.14583333333333334,0.7142857142857143,0.020833333333333332,,0.3541666666666667,0.35294117647058826,0.5212121212121212,0.34146341463414637,0.4753075757575757,0.5156363636363636,0.44106874999999995,0.06976744186046512,0.1016949152542373,0.1839080459770115,0.27011494252873564,10.667567567567566,24.75,0.4166666666666667,0.3181818181818182,0.17391304347826086,0.2647058823529412,0.2352389878163074,2.0,,,1.0,3.0,2.0,,,0.05714285714285714,0.75,,,,1.0,1.0,,,,,,,,,,,,,,2022
1631007,1611661321,Veronica Burton,Veronica Burton,1631007,DAL,32908.0,36,548,38.0,1061,1054,331.0,273.0,159.0,2115,8.0,14.0,2.0,2.0,3.0,5.0,5.0,16.0,,3.0,7.0,12.0,,,1.0,2.0,5.0,31.0,,1.0,1.0,13.0,13.0,33.0,12.0,43.0,32.0,94.0,1068,3.0,4.0,,1.0,6.0,12.0,4.0,8.0,2.0,15.0,18.0,32.0,10.0,16.0,30.0,6.0,30.0,5.0,7.0,1.0,46.0,22.0,68.0,19.0,3.0,28.0,10.0,8.0,158.0,9.0,8.0,12.0,21.0,3.0,36.0,17.0,53.0,,34.0,22.0,12.0,25.0,3.0,19.0,10.0,,6.0,1.0,35.0,4.0,11.0,26.0,51.0,,2.0,4.0,45.0,2.0,11.0,32.0,3.0,,11.0,,7.0,10.0,3.0,11.0,82.0,30.0,327.0,1.0,5.0,2.0,15.0,12.0,2.0,,104.24128180961358,101.3282732447818,0.38461538461538464,0.38461538461538464,0.8333333333333334,0.27906976744186046,,0.13333333333333333,0.2857142857142857,0.3939393939393939,0.75,0.5,0.40789473684210525,0.6,0.30434782608695654,0.5164835164835165,0.8571428571428571,0.5,0.5657894736842105,0.023255813953488372,0.21212121212121213,0.2857142857142857,0.1875,,0.03225806451612903,10.07252215954875,0.7142857142857143,0.09375,0.07608695652173914,0.023880597014925373,0.07100591715976332,0.05172413793103448,0.07415730337078652,0.03339882121807466,0.009433962264150943,0.028985507246376812,0.0472972972972973,0.07865168539325842,0.09322033898305085,0.043478260869565216,0.06923076923076923,0.07692307692307693,,0.18421052631578946,0.5714285714285714,0.8,0.375,0.21052631578947367,0.3125,0.38461538461538464,0.4,0.039473684210526314,,,,0.15789473684210525,0.5833333333333334,0.5833333333333334,1.0,0.40789473684210525,0.16129032258064516,0.16666666666666666,0.6,0.4,1.0,0.5,,,,0.2,,,0.21739130434782608,0.6,0.08695652173913043,0.5,0.5652173913043478,0.07692307692307693,0.75,0.16666666666666666,0.48603243243243244,0.42447,0.4707340909090909,0.13095238095238096,0.2682926829268293,0.1276595744680851,0.3404255319148936,5.724242424242425,25.593023255813954,0.4,0.2727272727272727,1.0,0.3333333333333333,0.31196983977379833,,1.0,4.0,6.0,5.0,,,0.03296703296703297,0.07692307692307693,0.45454545454545453,,1.0,,1.0,1.0,,,,,,1.0,,,,,,,,2022
203855,1611661328,Stephanie Talbot,Stephanie Talbot,203855,SEA,32896.0,34,548,-9.0,1072,1067,227.0,278.0,113.0,2139,19.0,29.0,2.0,5.0,5.0,8.0,12.0,28.0,4.0,8.0,7.0,21.0,,3.0,1.0,3.0,22.0,52.0,2.0,6.0,,4.0,35.0,65.0,29.0,73.0,14.0,171.0,1061,3.0,8.0,2.0,9.0,,12.0,9.0,17.0,1.0,7.0,6.0,27.0,48.0,22.0,87.0,,51.0,22.0,3.0,,33.0,12.0,45.0,8.0,4.0,18.0,11.0,4.0,102.0,11.0,12.0,36.0,38.0,10.0,84.0,23.0,107.0,3.0,23.0,19.0,4.0,21.0,8.0,16.0,15.0,1.0,5.0,5.0,36.0,2.0,4.0,28.0,44.0,1.0,2.0,,33.0,3.0,4.0,24.0,3.0,,9.0,1.0,3.0,9.0,6.0,11.0,159.0,27.0,227.0,3.0,3.0,,5.0,1.0,,,98.13432835820895,99.43767572633553,0.6857142857142857,0.7058823529411765,1.0,0.3972602739726027,0.2222222222222222,0.14285714285714285,0.4027777777777778,0.5384615384615384,0.375,0.5294117647058824,0.5688405797101449,0.35294117647058826,0.4375,0.5777027027027027,0.35294117647058826,0.46551724137931033,0.5289855072463768,,0.046153846153846156,0.06896551724137931,0.03571428571428571,,,15.295095594347465,0.5833333333333334,0.2857142857142857,0.12101910828025478,0.03870967741935484,0.18181818181818182,0.052884615384615384,0.14453125,0.0444015444015444,0.0759493670886076,0.015748031496062992,0.05202312138728324,0.07692307692307693,0.12582781456953643,0.15294117647058825,0.15527950310559005,0.2972972972972973,0.04411764705882353,0.21014492753623187,0.6551724137931034,0.7037037037037037,0.7368421052631579,0.2028985507246377,0.42857142857142855,0.4444444444444444,0.75,0.057971014492753624,0.5,0.5,0.25,0.15217391304347827,0.3333333333333333,0.3333333333333333,1.0,0.37681159420289856,0.4230769230769231,0.4230769230769231,1.0,0.29411764705882354,0.4,0.5,0.17647058823529413,,,0.35294117647058826,0.3333333333333333,1.0,0.3333333333333333,0.625,0.125,0.3333333333333333,0.16666666666666666,,0.7391304347826086,0.43137254901960786,0.5100620437956205,0.4955357142857143,0.4993630434782609,0.0625,0.1267605633802817,0.07017543859649122,0.15789473684210525,6.938461538461539,24.935616438356163,0.5,0.3125,,0.21951219512195122,0.21175373134328357,2.0,,3.0,1.0,5.0,,,0.038461538461538464,0.05714285714285714,0.45454545454545453,,1.0,,2.0,2.0,,,,,,2.0,,,,,,,,2022
1629566,1611661313,Han Xu,Han Xu,1629566,NYL,32297.0,32,538,-29.0,1073,1071,260.0,286.0,124.0,2144,50.0,86.0,17.0,23.0,17.0,23.0,34.0,75.0,9.0,24.0,2.0,2.0,,,1.0,1.0,14.0,34.0,,2.0,1.0,3.0,93.0,185.0,16.0,36.0,39.0,273.0,1096,22.0,37.0,,2.0,12.0,56.0,26.0,44.0,2.0,4.0,16.0,74.0,148.0,38.0,48.0,,34.0,14.0,12.0,,20.0,10.0,30.0,7.0,3.0,11.0,7.0,2.0,70.0,16.0,22.0,10.0,59.0,8.0,77.0,38.0,115.0,14.0,17.0,10.0,7.0,10.0,2.0,5.0,13.0,2.0,5.0,1.0,23.0,3.0,4.0,23.0,31.0,1.0,,5.0,37.0,5.0,,49.0,7.0,,23.0,,5.0,21.0,6.0,21.0,217.0,74.0,260.0,,5.0,,7.0,,,,99.4408201304753,102.33426704014938,0.7956989247311828,0.925,1.0,0.4444444444444444,,0.5,0.4444444444444444,0.5027027027027027,0.5945945945945946,0.5909090909090909,0.5294117647058824,0.5641025641025641,0.6041666666666666,0.5640495867768595,0.6222222222222222,0.6491228070175439,0.16289592760180996,,0.06486486486486487,0.05813953488372093,0.09333333333333334,,,21.88274153592073,0.43478260869565216,0.25,0.16526610644257703,0.07665505226480836,0.05917159763313609,0.06808510638297872,0.1311787072243346,0.07279693486590039,0.13131313131313133,0.047619047619047616,0.07653061224489796,0.25,0.1390728476821192,0.07692307692307693,0.050359712230215826,0.1,0.14,0.3891402714932127,0.5813953488372093,0.6172839506172839,0.68,0.3393665158371041,0.4533333333333333,0.5,0.9117647058823529,0.1085972850678733,0.375,0.375,1.0,0.00904977375565611,1.0,1.0,1.0,0.15384615384615385,0.4117647058823529,0.4117647058823529,1.0,0.5897435897435898,0.7391304347826086,0.11764705882352941,,,,0.05128205128205128,,,0.4791666666666667,0.7391304347826086,0.020833333333333332,1.0,0.0625,0.3333333333333333,0.5520361990950227,0.4117647058823529,0.4892364253393665,0.49497142857142856,0.49486041666666664,0.0970464135021097,0.11442786069651742,0.20512820512820512,0.27106227106227104,6.576756756756757,24.758333333333333,0.4166666666666667,0.21951219512195122,0.26666666666666666,0.3,0.2423112767940354,26.0,1.0,,15.0,15.0,,,0.04838709677419355,0.02564102564102564,0.7142857142857143,,,,,,,,,,,,,,,,,,,2022
204296,1611661313,Rebecca Allen,Rebecca Allen,204296,NYL,31400.0,25,523,-29.0,1027,1034,156.0,190.0,112.0,2061,18.0,29.0,1.0,1.0,3.0,4.0,10.0,24.0,10.0,33.0,4.0,13.0,,2.0,,,22.0,70.0,,2.0,3.0,16.0,38.0,86.0,26.0,83.0,20.0,174.0,1046,3.0,5.0,,4.0,2.0,8.0,5.0,14.0,3.0,16.0,8.0,27.0,66.0,10.0,78.0,,70.0,22.0,6.0,1.0,18.0,13.0,31.0,9.0,4.0,6.0,8.0,4.0,75.0,7.0,1.0,30.0,44.0,2.0,76.0,8.0,84.0,,19.0,16.0,3.0,13.0,3.0,11.0,11.0,1.0,2.0,7.0,24.0,1.0,3.0,25.0,48.0,,1.0,,30.0,4.0,4.0,24.0,,,7.0,,5.0,19.0,10.0,24.0,166.0,27.0,156.0,3.0,5.0,,14.0,9.0,4.0,,99.02629016553068,101.1605415860735,0.868421052631579,0.868421052631579,1.0,0.3132530120481928,,0.1875,0.3132530120481928,0.4418604651162791,0.6,0.35714285714285715,0.4556213017751479,0.3333333333333333,0.31666666666666665,0.48066298342541436,0.4,0.38571428571428573,0.4911242603550296,0.012048192771084338,0.06976744186046512,0.13793103448275862,0.08333333333333333,,0.014285714285714285,17.779705117085864,0.5416666666666666,0.08,0.12941176470588237,0.0040650406504065045,0.16483516483516483,0.029787234042553193,0.1417624521072797,0.016632016632016633,,0.009174311926605505,0.025380710659898477,0.08333333333333333,0.15267175572519084,0.15730337078651685,0.174496644295302,0.12121212121212122,,0.17159763313609466,0.6206896551724138,0.72,0.8888888888888888,0.14201183431952663,0.4166666666666667,0.45454545454545453,0.9,0.1952662721893491,0.30303030303030304,0.30303030303030304,0.8,0.07692307692307693,0.3076923076923077,0.3076923076923077,1.0,0.41420118343195267,0.3142857142857143,0.3188405797101449,1.0,0.1111111111111111,1.0,1.0,0.2222222222222222,,,0.2222222222222222,,,0.13333333333333333,0.75,,,0.5333333333333333,0.1875,0.6627218934911243,0.3142857142857143,0.491803550295858,0.42706999999999995,0.460615,0.03977272727272727,0.07526881720430108,0.04597701149425287,0.15517241379310345,10.127906976744185,24.36987951807229,0.36363636363636365,0.2857142857142857,0.08695652173913043,0.2631578947368421,0.1518987341772152,,,,5.0,16.0,,,,0.05263157894736842,0.6666666666666666,,,,5.0,4.0,,,,,1.0,4.0,1.0,,,,,,,2022
203823,1611661320,Chiney Ogwumike,Chiney Ogwumike,203823,LAS,28703.0,26,478,-15.0,949,951,248.0,181.0,109.0,1900,42.0,68.0,21.0,33.0,10.0,17.0,14.0,36.0,5.0,26.0,,1.0,,,,,8.0,17.0,,,2.0,5.0,61.0,130.0,8.0,18.0,36.0,182.0,969,23.0,39.0,,,10.0,56.0,13.0,31.0,2.0,5.0,10.0,42.0,64.0,58.0,24.0,,17.0,8.0,13.0,,18.0,10.0,28.0,9.0,1.0,10.0,6.0,2.0,66.0,13.0,38.0,30.0,51.0,9.0,90.0,52.0,142.0,5.0,19.0,13.0,6.0,12.0,6.0,4.0,24.0,3.0,8.0,5.0,36.0,4.0,7.0,23.0,71.0,2.0,8.0,7.0,52.0,5.0,3.0,51.0,3.0,,23.0,,2.0,8.0,3.0,9.0,126.0,42.0,243.0,3.0,2.0,,38.0,36.0,17.0,,100.52687038988408,101.89274447949526,0.5245901639344263,0.8205128205128205,1.0,0.4444444444444444,,0.4,0.4444444444444444,0.46923076923076923,0.5897435897435898,0.41935483870967744,0.49324324324324326,0.5897435897435898,0.4444444444444444,0.5352941176470588,0.6363636363636364,0.4883720930232558,0.12162162162162163,,0.1,0.1323529411764706,0.08333333333333333,0.038461538461538464,,19.109461966604826,0.3333333333333333,0.3333333333333333,0.20481927710843373,0.11875,0.1875,0.1111111111111111,0.1980440097799511,0.11670480549199085,0.20652173913043478,0.10743801652892562,0.11578947368421053,0.2127659574468085,0.1958762886597938,0.20689655172413793,0.19491525423728814,0.16666666666666666,0.07692307692307693,0.4594594594594595,0.6176470588235294,0.711864406779661,0.42857142857142855,0.24324324324324326,0.3888888888888889,0.42424242424242425,0.7142857142857143,0.17567567567567569,0.19230769230769232,0.2,0.8,0.006756756756756757,,,,0.11486486486486487,0.47058823529411764,0.47058823529411764,1.0,0.8461538461538461,0.6363636363636364,,,,,,,,0.4722222222222222,0.5882352941176471,,,0.1388888888888889,0.4,0.581081081081081,0.47058823529411764,0.5119804054054053,0.5745535714285713,0.5059319444444444,0.13690476190476192,0.15333333333333332,0.3076923076923077,0.23076923076923078,6.529230769230769,25.200000000000003,0.4230769230769231,0.09090909090909091,0.1,0.1,0.2613277133825079,44.0,,7.0,4.0,7.0,,,0.056074766355140186,0.09090909090909091,0.7777777777777778,,,,1.0,1.0,,1.0,1.0,0.03571428571428571,,1.0,,,,,,,,2022
204329,1611661319,Kiah Stokes,Kiah Stokes,204329,LVA,28530.0,31,476,42.0,936,955,223.0,249.0,98.0,1891,11.0,20.0,2.0,5.0,2.0,3.0,6.0,10.0,4.0,7.0,3.0,10.0,,2.0,,,2.0,14.0,,3.0,,2.0,21.0,37.0,5.0,24.0,13.0,70.0,973,4.0,8.0,,5.0,2.0,10.0,5.0,8.0,,2.0,5.0,15.0,34.0,8.0,15.0,,14.0,2.0,4.0,,13.0,7.0,20.0,5.0,2.0,7.0,4.0,2.0,47.0,15.0,13.0,40.0,61.0,6.0,107.0,29.0,136.0,1.0,14.0,12.0,2.0,7.0,,2.0,11.0,,5.0,3.0,18.0,1.0,3.0,22.0,39.0,,,8.0,19.0,2.0,1.0,16.0,,,4.0,,4.0,23.0,8.0,25.0,60.0,14.0,220.0,4.0,3.0,2.0,1.0,4.0,8.0,,108.44017094017094,101.8848167539267,0.8095238095238095,0.9444444444444444,1.0,0.20833333333333334,,,0.20833333333333334,0.5675675675675675,0.5,0.625,0.4672131147540984,0.3076923076923077,0.5,0.5072463768115942,0.35714285714285715,0.5357142857142857,0.39344262295081966,,0.10810810810810811,0.15,0.1,,,8.277830637488107,0.3888888888888889,0.25,0.22181818181818183,0.05803571428571429,0.20512820512820512,0.06578947368421052,0.2148936170212766,0.061946902654867256,0.03225806451612903,0.06666666666666667,0.06321839080459771,0.2153846153846154,0.20833333333333334,0.24444444444444444,0.19254658385093168,0.2647058823529412,0.03225806451612903,0.32786885245901637,0.55,0.6470588235294118,0.7272727272727273,0.16393442622950818,0.6,0.6666666666666666,0.8333333333333334,0.11475409836065574,0.5714285714285714,0.5714285714285714,1.0,0.16393442622950818,0.3,0.3,1.0,0.22950819672131148,0.14285714285714285,0.14285714285714285,1.0,0.38461538461538464,0.4,,0.15384615384615385,,,0.23076923076923078,,,0.3,0.6666666666666666,,,0.2,,0.7213114754098361,0.14285714285714285,0.5421540983606556,0.6203625,0.543785,0.06153846153846154,0.0975609756097561,0.14285714285714285,0.21428571428571427,5.745945945945945,24.0,0.1111111111111111,0.25,0.3333333333333333,0.10526315789473684,0.23824786324786323,6.0,,,15.0,13.0,2.0,,0.07017543859649122,0.07407407407407407,0.52,,,,2.0,,,1.0,,0.05555555555555555,2.0,,1.0,,,,,,,2022
1630446,1611661313,Michaela Onyenwere,Michaela Onyenwere,1630446,NYL,28100.0,34,468,18.0,948,950,272.0,293.0,97.0,1898,26.0,48.0,2.0,6.0,4.0,7.0,7.0,25.0,1.0,7.0,6.0,23.0,,1.0,2.0,7.0,9.0,27.0,,1.0,2.0,5.0,34.0,80.0,15.0,50.0,46.0,159.0,965,3.0,8.0,,2.0,4.0,10.0,6.0,12.0,4.0,12.0,12.0,36.0,60.0,8.0,45.0,,27.0,9.0,14.0,1.0,4.0,9.0,13.0,8.0,1.0,3.0,1.0,,35.0,4.0,8.0,19.0,31.0,7.0,57.0,13.0,70.0,2.0,14.0,8.0,6.0,14.0,1.0,7.0,11.0,1.0,7.0,5.0,25.0,,12.0,37.0,69.0,,8.0,1.0,47.0,4.0,7.0,55.0,3.0,,24.0,,5.0,8.0,2.0,8.0,149.0,36.0,271.0,7.0,5.0,,10.0,6.0,9.0,,103.69198312236287,101.57894736842105,0.8823529411764706,0.967741935483871,1.0,0.3,,0.3333333333333333,0.3,0.425,0.375,0.5,0.4346153846153846,0.3,0.5,0.5096153846153846,0.4166666666666667,0.5806451612903226,0.38461538461538464,0.02,0.175,0.1875,0.2,,,17.156398104265403,0.56,0.25,0.10264900662251655,0.03347280334728033,0.1366906474820144,0.020512820512820513,0.11337868480725624,0.027649769585253458,0.02247191011235955,0.04081632653061224,0.02631578947368421,0.08264462809917356,0.09090909090909091,0.15492957746478872,0.14655172413793102,0.08695652173913043,0.03125,0.36923076923076925,0.5416666666666666,0.6666666666666666,0.9230769230769231,0.19230769230769232,0.28,0.35,0.8571428571428571,0.05384615384615385,0.14285714285714285,0.14285714285714285,,0.17692307692307693,0.2608695652173913,0.2727272727272727,1.0,0.2076923076923077,0.3333333333333333,0.3333333333333333,1.0,0.6,0.3333333333333333,,0.1,,,0.1,,,0.2916666666666667,0.5714285714285714,0.2916666666666667,0.2857142857142857,0.20833333333333334,0.4,0.7538461538461538,0.3333333333333333,0.5163249999999999,0.5461071428571429,0.48250624999999997,0.15894039735099338,0.2376237623762376,0.06289308176100629,0.22641509433962265,5.08875,23.884,0.3181818181818182,0.2222222222222222,0.16666666666666666,0.18181818181818182,0.2869198312236287,6.0,2.0,2.0,5.0,4.0,,,0.038461538461538464,,0.5,,,,,,,1.0,,0.0625,,1.0,,,,,0.043478260869565216,,,2022
1630957,1611661322,Rui Machida,Rui Machida,1630957,WAS,27452.0,36,458,,891,890,192.0,204.0,93.0,1781,11.0,18.0,,,3.0,5.0,3.0,16.0,5.0,16.0,2.0,6.0,,1.0,,1.0,5.0,28.0,,2.0,,3.0,19.0,50.0,7.0,34.0,6.0,65.0,875,,2.0,,3.0,,,5.0,12.0,,4.0,5.0,15.0,12.0,26.0,12.0,9.0,25.0,5.0,4.0,1.0,65.0,28.0,93.0,22.0,6.0,40.0,15.0,10.0,214.0,1.0,4.0,11.0,22.0,1.0,34.0,6.0,40.0,1.0,16.0,6.0,10.0,29.0,4.0,25.0,9.0,,4.0,5.0,38.0,3.0,6.0,9.0,25.0,,,,11.0,,2.0,9.0,1.0,,3.0,,2.0,2.0,2.0,2.0,65.0,15.0,192.0,1.0,1.0,,,,1.0,,98.20426487093154,98.31460674157303,0.3157894736842105,0.3157894736842105,0.5714285714285714,0.20588235294117646,,,0.22580645161290322,0.38,,0.4166666666666667,0.35119047619047616,,0.3125,0.3693181818181818,,0.39473684210526316,0.40476190476190477,0.029411764705882353,0.08,0.16666666666666666,0.0625,,0.03571428571428571,12.587412587412588,0.7631578947368421,0.043478260869565216,0.08396946564885496,0.016,0.07692307692307693,0.005847953216374269,0.08148148148148149,0.011876484560570071,,0.023255813953488372,0.007462686567164179,0.1320754716981132,0.07874015748031496,0.06097560975609756,0.09734513274336283,,0.020833333333333332,0.21428571428571427,0.6111111111111112,0.7333333333333333,0.2727272727272727,0.19047619047619047,0.1875,0.2,0.3333333333333333,0.19047619047619047,0.3125,0.3125,0.4,0.07142857142857142,0.3333333333333333,0.3333333333333333,1.0,0.3333333333333333,0.17857142857142858,0.18518518518518517,0.4,,,,0.2,,,0.4,,,0.3125,0.6,0.0625,,0.1875,,0.6190476190476191,0.2,0.47566975308641973,0.4055333333333333,0.44225,0.03488372093023256,0.057692307692307696,,0.23076923076923078,9.008,26.970588235294116,0.5714285714285714,0.09090909090909091,0.45454545454545453,0.2608695652173913,0.21548821548821548,,,1.0,,,,,0.015625,,,,3.0,,,,,1.0,,0.047619047619047616,,,1.0,,,,,,,2022
204322,1611661322,Elizabeth Williams,Elizabeth Williams,204322,WAS,27256.0,30,454,28.0,870,860,212.0,179.0,108.0,1730,53.0,84.0,15.0,26.0,10.0,18.0,15.0,55.0,,2.0,,,,,,,,,,,,,68.0,141.0,,,25.0,161.0,785,15.0,34.0,,,7.0,37.0,11.0,24.0,,,7.0,29.0,108.0,28.0,,,,,16.0,,9.0,5.0,14.0,4.0,1.0,4.0,2.0,3.0,33.0,11.0,31.0,29.0,38.0,3.0,70.0,45.0,115.0,10.0,18.0,13.0,5.0,14.0,1.0,11.0,5.0,,3.0,2.0,19.0,3.0,6.0,23.0,44.0,,4.0,2.0,38.0,2.0,3.0,43.0,5.0,,20.0,,4.0,19.0,8.0,19.0,124.0,29.0,212.0,,4.0,1.0,10.0,7.0,1.0,,93.44827586206897,91.27906976744187,0.7941176470588235,0.9152542372881356,,,,,,0.48226950354609927,0.4411764705882353,0.4583333333333333,0.48226950354609927,0.4411764705882353,0.4583333333333333,0.503125,0.47435897435897434,0.453125,,,0.11347517730496454,0.11904761904761904,0.10909090909090909,,,17.882117882117882,0.7368421052631579,0.125,0.1417910447761194,0.10915492957746478,0.20422535211267606,0.0658682634730539,0.16341463414634147,0.09312638580931264,0.17105263157894737,0.1103448275862069,0.058823529411764705,0.15625,0.11666666666666667,0.16666666666666666,0.17094017094017094,0.36,0.17857142857142858,0.5957446808510638,0.6309523809523809,0.7162162162162162,0.7358490566037735,0.3900709219858156,0.2727272727272727,0.30612244897959184,1.0,0.014184397163120567,,,,,,,,,,,,0.7647058823529411,0.5769230769230769,0.26666666666666666,,,,,,,0.75,0.5555555555555556,,,,,0.5957446808510638,,0.521717730496454,0.5459259259259259,0.531525,0.1282051282051282,0.1282051282051282,0.22981366459627328,0.18012422360248448,4.040425531914894,,0.4,0.175,,,0.24367816091954023,18.0,,,10.0,8.0,,,0.031746031746031744,0.0967741935483871,0.42105263157894735,,,,,,,3.0,,0.09090909090909091,,1.0,1.0,,,,,,,2022
1631135,1611661320,Olivia Nelson-Ododa,Olivia Nelson-Ododa,1631135,LAS,26147.0,30,436,-168.0,866,860,260.0,230.0,92.0,1726,36.0,53.0,11.0,15.0,12.0,16.0,9.0,23.0,2.0,8.0,,,,,,,,,,,,,47.0,84.0,,,26.0,120.0,932,15.0,22.0,,,5.0,35.0,15.0,24.0,,,17.0,47.0,62.0,32.0,,,,,8.0,,10.0,1.0,11.0,,1.0,6.0,2.0,2.0,23.0,6.0,26.0,13.0,37.0,5.0,55.0,34.0,89.0,4.0,9.0,4.0,5.0,12.0,,5.0,18.0,2.0,7.0,6.0,30.0,3.0,12.0,39.0,77.0,,8.0,8.0,39.0,4.0,2.0,37.0,1.0,,11.0,,8.0,22.0,17.0,24.0,85.0,47.0,260.0,7.0,8.0,1.0,36.0,28.0,20.0,16.0,88.2217090069284,108.37209302325581,0.6595744680851063,0.8611111111111112,,,,,,0.5595238095238095,0.6818181818181818,0.625,0.5595238095238095,0.6818181818181818,0.625,0.5882352941176471,0.6730769230769231,0.6714285714285714,,,0.09523809523809523,0.11320754716981132,0.08695652173913043,,,13.594232749742533,0.4,0.2777777777777778,0.17703349282296652,0.08552631578947369,0.08387096774193549,0.047619047619047616,0.13736263736263737,0.07441860465116279,0.12222222222222222,0.07272727272727272,0.030612244897959183,0.1506849315068493,0.21978021978021978,0.13333333333333333,0.06896551724137931,0.1282051282051282,0.13793103448275862,0.6309523809523809,0.6792452830188679,0.7659574468085106,0.6666666666666666,0.27380952380952384,0.391304347826087,0.42857142857142855,0.5555555555555556,0.09523809523809523,0.25,0.25,1.0,,,,,,,,,0.6818181818181818,0.7333333333333333,0.2727272727272727,,,,,,,0.6666666666666666,0.75,,,,,0.6309523809523809,,0.521175,0.5623333333333334,0.5344875,0.11702127659574468,0.11702127659574468,0.2916666666666667,0.39166666666666666,4.816666666666667,,0.5294117647058824,0.2857142857142857,0.3333333333333333,,0.3002309468822171,22.0,,,5.0,11.0,,,0.0673076923076923,0.10714285714285714,0.4583333333333333,,,,2.0,2.0,,2.0,2.0,0.1111111111111111,,,,,,,,,,2022
1630386,1611661321,Awak Kuier,Awak Kuier,1630386,DAL,24952.0,33,416,-11.0,815,828,246.0,268.0,100.0,1643,26.0,34.0,6.0,9.0,4.0,8.0,3.0,20.0,1.0,11.0,1.0,3.0,,,1.0,1.0,3.0,18.0,,1.0,2.0,4.0,30.0,65.0,4.0,21.0,19.0,91.0,851,6.0,13.0,,1.0,2.0,14.0,4.0,17.0,3.0,5.0,10.0,27.0,54.0,6.0,12.0,,18.0,3.0,4.0,,19.0,10.0,29.0,9.0,1.0,11.0,5.0,3.0,68.0,4.0,20.0,22.0,30.0,7.0,59.0,24.0,83.0,1.0,13.0,12.0,1.0,15.0,1.0,11.0,4.0,,4.0,,19.0,1.0,4.0,15.0,26.0,1.0,2.0,1.0,23.0,2.0,2.0,31.0,3.0,,13.0,,4.0,26.0,13.0,29.0,77.0,27.0,243.0,2.0,4.0,1.0,1.0,7.0,5.0,1.0,103.06748466257669,102.77777777777779,0.9,0.9310344827586207,1.0,0.19047619047619047,,0.6,0.19047619047619047,0.46153846153846156,0.46153846153846156,0.23529411764705882,0.4186046511627907,0.42857142857142855,0.38636363636363635,0.455,0.4666666666666667,0.45,0.2441860465116279,,0.06153846153846154,0.029411764705882353,0.15,,,12.92073832790445,0.7894736842105263,0.4375,0.12875536480686695,0.0823045267489712,0.15172413793103448,0.03278688524590164,0.13756613756613756,0.06575342465753424,0.10294117647058823,0.045454545454545456,0.02,0.09375,0.1414141414141414,0.14285714285714285,0.16666666666666666,0.0967741935483871,0.021739130434782608,0.3953488372093023,0.7647058823529411,0.7878787878787878,0.8846153846153846,0.23255813953488372,0.15,0.17647058823529413,1.0,0.12790697674418605,0.09090909090909091,0.09090909090909091,1.0,0.03488372093023256,0.3333333333333333,0.3333333333333333,1.0,0.20930232558139536,0.16666666666666666,0.16666666666666666,1.0,0.6428571428571429,0.6666666666666666,0.6666666666666666,,,,0.07142857142857142,,,0.36363636363636365,0.5,0.045454545454545456,1.0,0.18181818181818182,0.5,0.6395348837209303,0.16666666666666666,0.5111976744186046,0.5558449999999999,0.4719568181818182,0.13541666666666666,0.17333333333333334,0.15384615384615385,0.2967032967032967,6.407692307692308,24.919047619047618,0.25,0.11764705882352941,0.5555555555555556,0.25,0.301840490797546,2.0,1.0,,12.0,14.0,,,0.12307692307692308,0.09090909090909091,0.4827586206896552,,,,3.0,3.0,,,,,,1.0,,6.0,,,,,,2022
202259,1611661328,Epiphanny Prince,Epiphanny Prince,202259,SEA,24345.0,33,406,-30.0,772,774,158.0,178.0,76.0,1546,7.0,15.0,1.0,1.0,1.0,2.0,4.0,13.0,12.0,37.0,4.0,8.0,,,1.0,1.0,17.0,51.0,2.0,5.0,7.0,11.0,23.0,65.0,21.0,59.0,21.0,130.0,782,3.0,5.0,2.0,5.0,7.0,19.0,4.0,15.0,8.0,12.0,11.0,43.0,12.0,34.0,42.0,21.0,51.0,17.0,8.0,1.0,36.0,22.0,58.0,16.0,6.0,11.0,15.0,10.0,138.0,2.0,4.0,12.0,13.0,1.0,26.0,6.0,32.0,2.0,21.0,17.0,4.0,7.0,1.0,6.0,8.0,2.0,1.0,1.0,15.0,2.0,,13.0,30.0,,3.0,2.0,26.0,,1.0,25.0,3.0,,8.0,2.0,3.0,3.0,1.0,3.0,111.0,41.0,157.0,3.0,2.0,1.0,7.0,,,,97.40932642487047,101.03359173126614,0.2608695652173913,0.2727272727272727,0.6666666666666666,0.3559322033898305,0.4,0.6666666666666666,0.3559322033898305,0.35384615384615387,0.6,0.26666666666666666,0.43951612903225806,0.6,0.5925925925925926,0.48872180451127817,0.7916666666666666,0.6515151515151515,0.47580645161290325,0.01694915254237288,0.12307692307692308,0.13333333333333333,0.38461538461538464,0.02702702702702703,0.0196078431372549,17.169373549883993,0.4666666666666667,0.047619047619047616,0.057777777777777775,0.01834862385321101,0.0759493670886076,0.013513513513513514,0.06527415143603134,0.01639344262295082,0.01818181818181818,0.011764705882352941,0.008064516129032258,0.03225806451612903,0.039603960396039604,0.11290322580645161,0.09448818897637795,,0.031746031746031744,0.12096774193548387,0.4666666666666667,0.5384615384615384,0.14285714285714285,0.10483870967741936,0.3076923076923077,0.5,0.25,0.29838709677419356,0.32432432432432434,0.3333333333333333,0.3333333333333333,0.06451612903225806,0.5,0.5,1.0,0.4112903225806452,0.3333333333333333,0.34,0.5882352941176471,0.1,1.0,,,,,0.5,0.4,0.5,0.07407407407407407,0.5,0.037037037037037035,1.0,0.4074074074074074,0.6363636363636364,0.5967741935483871,0.3333333333333333,0.4639040322580645,0.43825000000000003,0.41371296296296295,0.07692307692307693,0.11428571428571428,0.14615384615384616,0.33076923076923076,12.36923076923077,24.884745762711866,0.125,0.4444444444444444,0.4,0.2571428571428571,0.20466321243523317,2.0,1.0,,2.0,1.0,,,0.02564102564102564,0.041666666666666664,0.3333333333333333,,,1.0,,,0.03333333333333333,,,,,,,,,,,,,2022
1627700,1611661329,Julie Allemand,Julie Allemand,1627700,CHI,24104.0,25,402,-1.0,807,804,183.0,208.0,75.0,1611,12.0,24.0,1.0,1.0,3.0,5.0,1.0,2.0,3.0,3.0,1.0,5.0,,,1.0,1.0,8.0,26.0,1.0,1.0,4.0,6.0,16.0,29.0,9.0,31.0,15.0,74.0,846,1.0,1.0,1.0,1.0,2.0,7.0,5.0,7.0,5.0,7.0,6.0,31.0,20.0,12.0,24.0,3.0,26.0,8.0,3.0,,66.0,19.0,85.0,15.0,4.0,36.0,22.0,8.0,189.0,6.0,3.0,13.0,17.0,,30.0,9.0,39.0,2.0,14.0,10.0,4.0,16.0,7.0,13.0,17.0,1.0,3.0,4.0,33.0,3.0,7.0,13.0,23.0,1.0,,2.0,27.0,1.0,11.0,18.0,4.0,,8.0,,3.0,2.0,1.0,3.0,67.0,29.0,181.0,1.0,2.0,,2.0,1.0,,,104.7087980173482,105.22388059701494,0.625,0.625,0.8888888888888888,0.2903225806451613,1.0,0.7142857142857143,0.2903225806451613,0.5517241379310345,1.0,0.7142857142857143,0.49166666666666664,1.25,0.8928571428571429,0.5522388059701493,1.1666666666666667,0.9117647058823529,0.5166666666666667,,0.10344827586206896,0.125,,,,11.185682326621924,0.48484848484848486,,0.06995884773662552,0.013953488372093023,0.10833333333333334,0.05,0.08264462809917356,0.026865671641791045,0.029850746268656716,,0.04040404040404041,0.07216494845360824,0.053763440860215055,0.09433962264150944,0.13978494623655913,,0.06451612903225806,0.4,0.5,0.5714285714285714,0.6666666666666666,0.03333333333333333,0.5,0.5,1.0,0.05,1.0,1.0,0.3333333333333333,0.08333333333333333,0.2,0.2,1.0,0.43333333333333335,0.3076923076923077,0.3076923076923077,0.875,0.5,1.0,1.0,,,,0.5,1.0,1.0,0.35714285714285715,0.6,0.07142857142857142,1.0,0.42857142857142855,0.6666666666666666,0.9166666666666666,0.3076923076923077,0.54072,0.54605,0.46710357142857145,0.125,0.24242424242424243,0.0945945945945946,0.4189189189189189,4.027586206896552,24.84193548387097,0.5,,,0.2857142857142857,0.22676579925650558,,,,,1.0,1.0,,0.01818181818181818,0.09523809523809523,0.3333333333333333,,,,1.0,1.0,,,,,,1.0,,,,,,,,2022
201913,1611661330,Kia Vaughn,Kia Vaughn,201913,ATL,24086.0,29,401,6.0,811,818,213.0,248.0,92.0,1629,12.0,24.0,4.0,6.0,2.0,6.0,14.0,36.0,6.0,19.0,,,,,,,,1.0,,,,1.0,32.0,79.0,,1.0,9.0,73.0,760,8.0,12.0,,,3.0,19.0,7.0,18.0,,1.0,5.0,19.0,38.0,26.0,,,1.0,,6.0,,16.0,9.0,25.0,9.0,,7.0,4.0,5.0,59.0,10.0,20.0,24.0,36.0,3.0,63.0,30.0,93.0,1.0,10.0,6.0,4.0,11.0,1.0,2.0,23.0,2.0,9.0,2.0,34.0,5.0,3.0,20.0,50.0,,2.0,17.0,14.0,4.0,,13.0,1.0,,5.0,,2.0,8.0,1.0,8.0,54.0,19.0,211.0,5.0,2.0,1.0,12.0,12.0,4.0,,94.45129469790383,92.90953545232274,0.59375,0.7037037037037037,,,,,,0.4050632911392405,0.6666666666666666,0.3888888888888889,0.4,0.6666666666666666,0.3684210526315789,0.42441860465116277,0.6785714285714286,0.4318181818181818,0.0125,,0.0759493670886076,0.20833333333333334,0.027777777777777776,,,13.100436681222707,0.3235294117647059,0.11538461538461539,0.1565217391304348,0.08064516129032258,0.16901408450704225,0.07575757575757576,0.16129032258064516,0.07894736842105263,0.15492957746478872,0.07446808510638298,0.06542056074766354,0.1891891891891892,0.17777777777777778,0.09090909090909091,0.16071428571428573,0.2,0.024390243902439025,0.3,0.5,0.631578947368421,0.5833333333333334,0.45,0.3888888888888889,0.4,0.5,0.2375,0.3157894736842105,0.3157894736842105,0.8333333333333334,,,,,0.0125,,,,0.5,0.6666666666666666,,,,,,,,0.3157894736842105,0.3333333333333333,,,0.05263157894736842,,0.3125,,0.45645625,0.5034454545454545,0.44400526315789474,0.05952380952380952,0.060240963855421686,0.2602739726027397,0.2602739726027397,8.88860759493671,24.8,0.4166666666666667,0.23809523809523808,0.15384615384615385,,0.2626387176325524,10.0,,,7.0,5.0,2.0,,0.024096385542168676,0.12,0.625,,,,,,,,1.0,,,,1.0,,,,,,,2022
203849,1611661319,Theresa Plaisance,Theresa Plaisance,203849,LVA,24045.0,31,401,-43.0,822,824,249.0,216.0,82.0,1646,5.0,8.0,3.0,6.0,1.0,2.0,7.0,14.0,,5.0,10.0,26.0,,,3.0,6.0,21.0,63.0,2.0,5.0,6.0,12.0,12.0,27.0,31.0,89.0,7.0,124.0,870,4.0,10.0,2.0,5.0,1.0,15.0,1.0,4.0,9.0,18.0,5.0,34.0,16.0,8.0,93.0,,63.0,21.0,,2.0,10.0,5.0,15.0,5.0,,3.0,1.0,6.0,35.0,9.0,5.0,19.0,35.0,10.0,64.0,16.0,80.0,,8.0,7.0,1.0,9.0,5.0,9.0,11.0,1.0,,,20.0,1.0,5.0,18.0,41.0,,2.0,2.0,17.0,3.0,4.0,10.0,,,2.0,,3.0,11.0,1.0,13.0,109.0,34.0,249.0,9.0,3.0,2.0,3.0,6.0,12.0,6.0,100.60827250608271,105.58252427184466,0.6666666666666666,0.8,1.0,0.34831460674157305,0.4,0.5,0.34831460674157305,0.4444444444444444,0.4,0.25,0.5043103448275862,0.4666666666666667,0.6590909090909091,0.512396694214876,0.46875,0.6538461538461539,0.7672413793103449,0.02247191011235955,,,,,,15.393013100436681,0.45,0.5,0.15350877192982457,0.02702702702702703,0.11377245508982035,0.04128440366972477,0.13670886075949368,0.034739454094292806,,0.045454545454545456,0.02976190476190476,0.12307692307692308,0.18823529411764706,0.14102564102564102,0.12318840579710146,0.06896551724137931,,0.06896551724137931,0.625,0.625,0.6,0.1206896551724138,0.5,0.5,0.7142857142857143,0.04310344827586207,,,,0.22413793103448276,0.38461538461538464,0.4166666666666667,1.0,0.5431034482758621,0.3333333333333333,0.3333333333333333,1.0,0.4,0.5,0.3333333333333333,,,,0.3333333333333333,0.4,1.0,0.09090909090909091,0.5,0.2727272727272727,0.5,0.5454545454545454,0.5,0.8362068965517241,0.3333333333333333,0.5150568965517242,0.4957,0.4797363636363636,0.01694915254237288,0.06896551724137931,0.12096774193548387,0.27419354838709675,9.155555555555555,24.65393258426966,,0.14285714285714285,0.25,0.1896551724137931,0.3029197080291971,4.0,2.0,4.0,10.0,6.0,,,0.017857142857142856,0.08,0.46153846153846156,,,,2.0,2.0,,2.0,,0.11764705882352941,,,1.0,,,,0.07692307692307693,,,2022
1628881,1611661330,Monique Billings,Monique Billings,1628881,ATL,24033.0,23,401,-9.0,813,816,150.0,187.0,104.0,1629,32.0,53.0,9.0,15.0,3.0,7.0,18.0,45.0,5.0,18.0,,,,,,,,1.0,,,,1.0,55.0,116.0,,1.0,39.0,149.0,810,11.0,23.0,,,4.0,26.0,10.0,19.0,,1.0,7.0,27.0,72.0,38.0,,,1.0,,10.0,,17.0,9.0,26.0,8.0,1.0,10.0,2.0,5.0,61.0,19.0,24.0,39.0,51.0,11.0,101.0,45.0,146.0,3.0,19.0,13.0,6.0,12.0,4.0,8.0,19.0,1.0,4.0,4.0,31.0,3.0,7.0,30.0,54.0,,9.0,6.0,47.0,5.0,4.0,51.0,5.0,,24.0,,4.0,8.0,6.0,8.0,123.0,27.0,147.0,7.0,4.0,,11.0,18.0,10.0,3.0,98.5239852398524,99.26470588235294,0.6545454545454545,0.782608695652174,,,,,,0.47413793103448276,0.4782608695652174,0.5263157894736842,0.4700854700854701,0.4782608695652174,0.5,0.5321428571428571,0.5,0.54,0.008547008547008548,,0.08620689655172414,0.1320754716981132,0.06666666666666667,,,18.24973319103522,0.3870967741935484,0.4583333333333333,0.24757281553398058,0.09230769230769231,0.291044776119403,0.14074074074074075,0.2647058823529412,0.10886075949367088,0.06666666666666667,0.09615384615384616,0.1111111111111111,0.30158730158730157,0.20454545454545456,0.2545454545454545,0.330188679245283,0.14285714285714285,0.057692307692307696,0.452991452991453,0.6037735849056604,0.6956521739130435,0.53125,0.38461538461538464,0.4,0.42857142857142855,0.8333333333333334,0.15384615384615385,0.2777777777777778,0.2777777777777778,0.8,,,,,0.008547008547008548,,,,0.6521739130434783,0.6,,,,,,,,0.35,0.42857142857142855,,,0.05,,0.46153846153846156,,0.5295987179487179,0.5576411764705883,0.5142125,0.17647058823529413,0.17777777777777778,0.174496644295302,0.18120805369127516,6.767241379310345,24.4,0.38095238095238093,0.1111111111111111,0.23076923076923078,1.0,0.18450184501845018,18.0,1.0,,2.0,5.0,,,0.1111111111111111,0.2222222222222222,0.625,,,,,,,2.0,2.0,0.11764705882352941,,,,1.0,,,,,,2022
1630150,1611661320,Chennedy Carter,Chennedy Carter,1630150,LAS,23594.0,24,393,-102.0,797,803,264.0,238.0,74.0,1600,49.0,76.0,2.0,5.0,14.0,19.0,21.0,67.0,13.0,36.0,,2.0,,,,,2.0,8.0,,,1.0,2.0,83.0,179.0,2.0,10.0,41.0,213.0,914,5.0,12.0,,,,10.0,24.0,53.0,1.0,2.0,12.0,63.0,54.0,112.0,6.0,,8.0,2.0,19.0,,35.0,11.0,46.0,5.0,6.0,25.0,4.0,6.0,103.0,1.0,8.0,19.0,17.0,,36.0,9.0,45.0,4.0,15.0,9.0,6.0,29.0,7.0,20.0,14.0,3.0,9.0,3.0,43.0,1.0,10.0,36.0,52.0,,1.0,,50.0,1.0,5.0,55.0,10.0,1.0,28.0,,3.0,9.0,5.0,9.0,203.0,63.0,264.0,2.0,3.0,4.0,20.0,29.0,10.0,2.0,101.88205771643663,113.82316313823164,0.3253012048192771,0.32926829268292684,1.0,0.2,,0.5,0.2,0.46368715083798884,0.4166666666666667,0.4528301886792453,0.455026455026455,0.4166666666666667,0.4636363636363636,0.5071428571428571,0.4166666666666667,0.5163934426229508,0.05291005291005291,,0.10614525139664804,0.13157894736842105,0.1044776119402985,0.05555555555555555,,28.55530474040632,0.6744186046511628,,0.08585858585858586,0.03347280334728033,0.125,0.010869565217391304,0.10285714285714286,0.027190332326283987,0.05172413793103448,0.031914893617021274,0.013333333333333334,0.05128205128205128,0.13846153846153847,0.07272727272727272,0.11016949152542373,0.17647058823529413,0.04819277108433735,0.4021164021164021,0.6447368421052632,0.7424242424242424,0.30612244897959184,0.3544973544973545,0.31343283582089554,0.35,0.3333333333333333,0.19047619047619047,0.3611111111111111,0.38235294117647056,0.38461538461538464,0.010582010582010581,,,,0.042328042328042326,0.25,0.25,1.0,0.4166666666666667,0.4,,,,,,,,0.34545454545454546,0.7368421052631579,,,0.03636363636363636,0.5,0.455026455026455,0.25,0.5009055555555555,0.49830833333333335,0.47629,0.13526570048309178,0.14213197969543148,0.046948356807511735,0.29577464788732394,7.402234636871508,23.81,0.2962962962962963,0.2727272727272727,0.21739130434782608,,0.3312421580928482,2.0,,,4.0,4.0,,,0.022988505747126436,,0.4444444444444444,,,,,,,,,,,,1.0,1.0,,,,,,2022
1630389,1611661329,Dana Evans,Dana Evans,1630389,CHI,22704.0,33,378,-33.0,743,734,158.0,214.0,65.0,1477,11.0,17.0,,1.0,1.0,3.0,9.0,29.0,7.0,17.0,3.0,5.0,,,1.0,2.0,19.0,62.0,2.0,4.0,5.0,13.0,27.0,63.0,22.0,67.0,22.0,142.0,770,,1.0,2.0,4.0,,6.0,5.0,13.0,6.0,15.0,11.0,39.0,34.0,20.0,48.0,18.0,58.0,18.0,6.0,,26.0,15.0,41.0,10.0,5.0,6.0,10.0,10.0,97.0,3.0,2.0,8.0,14.0,,22.0,5.0,27.0,1.0,10.0,4.0,6.0,17.0,3.0,14.0,10.0,1.0,3.0,,27.0,1.0,4.0,10.0,29.0,,1.0,1.0,26.0,1.0,3.0,25.0,1.0,,9.0,,4.0,3.0,2.0,3.0,136.0,39.0,156.0,2.0,4.0,,4.0,,4.0,,99.19246298788696,104.90463215258856,0.6296296296296297,0.6296296296296297,0.7272727272727273,0.3283582089552239,0.5,0.4,0.328125,0.42857142857142855,,0.38461538461538464,0.46153846153846156,0.6,0.5,0.5,0.6,0.5735294117647058,0.5153846153846153,,0.09523809523809523,0.11764705882352941,0.06896551724137931,0.11764705882352941,,20.812807881773402,0.6296296296296297,,0.06060606060606061,0.010752688172043012,0.06896551724137931,0.0234375,0.06340057636887608,0.01592356687898089,,0.01282051282051282,0.02727272727272727,0.0547945205479452,0.0297029702970297,0.12280701754385964,0.06382978723404255,0.09090909090909091,0.014084507042253521,0.13076923076923078,0.6470588235294118,0.7333333333333333,0.6363636363636364,0.2230769230769231,0.3103448275862069,0.3333333333333333,0.6666666666666666,0.13076923076923078,0.4117647058823529,0.4666666666666667,0.5714285714285714,0.038461538461538464,0.6,0.6,1.0,0.47692307692307695,0.3064516129032258,0.3064516129032258,0.6842105263157895,0.2,,,,,,0.8,0.5,0.5,0.10714285714285714,0.3333333333333333,0.07142857142857142,0.5,0.4642857142857143,0.38461538461538464,0.6461538461538462,0.3103448275862069,0.4864031496062992,0.5973,0.435002,0.06521739130434782,0.1267605633802817,0.04225352112676056,0.2746478873239437,8.903174603174604,26.228358208955225,0.16666666666666666,0.15,0.3333333333333333,0.16666666666666666,0.2126514131897712,,3.0,,1.0,1.0,,1.0,0.02,,0.3333333333333333,1.0,3.0,,,,,,,,,,,,,,,,,2022
203029,1611661319,Riquna Williams,Riquna Williams,203029,LVA,22638.0,21,377,52.0,748,752,189.0,155.0,73.0,1500,4.0,4.0,,,1.0,1.0,6.0,12.0,1.0,9.0,15.0,28.0,2.0,3.0,4.0,7.0,19.0,65.0,1.0,6.0,5.0,17.0,11.0,25.0,34.0,93.0,16.0,140.0,789,,1.0,3.0,9.0,,9.0,4.0,6.0,9.0,24.0,7.0,42.0,20.0,2.0,99.0,3.0,65.0,19.0,1.0,,20.0,5.0,25.0,4.0,1.0,11.0,3.0,6.0,55.0,2.0,3.0,12.0,22.0,3.0,37.0,5.0,42.0,,9.0,3.0,6.0,3.0,2.0,2.0,3.0,,1.0,1.0,6.0,1.0,,20.0,35.0,,2.0,,16.0,3.0,,21.0,,,3.0,3.0,3.0,3.0,2.0,3.0,131.0,42.0,189.0,4.0,3.0,1.0,10.0,6.0,2.0,3.0,112.4331550802139,104.92021276595746,0.9090909090909091,0.9090909090909091,0.9705882352941176,0.3655913978494624,0.3333333333333333,0.375,0.3655913978494624,0.44,,0.6666666666666666,0.5254237288135594,0.45,0.5833333333333334,0.5511811023622047,0.45,0.6176470588235294,0.788135593220339,,0.04,,0.08333333333333333,,,15.966386554621849,0.5,0.17647058823529413,0.09821428571428571,0.018404907975460124,0.09302325581395349,0.011049723756906077,0.09631728045325778,0.014534883720930232,0.044444444444444446,,0.014598540145985401,0.10714285714285714,0.0625,0.1388888888888889,0.09345794392523364,0.09090909090909091,,0.03389830508474576,1.0,1.0,1.0,0.1016949152542373,0.5,0.5454545454545454,0.8333333333333334,0.07627118644067797,0.1111111111111111,0.1111111111111111,1.0,0.23728813559322035,0.5357142857142857,0.5357142857142857,0.9333333333333333,0.5508474576271186,0.2923076923076923,0.2923076923076923,1.0,,,,0.3,0.6666666666666666,1.0,0.6,0.16666666666666666,1.0,0.03333333333333333,1.0,0.23333333333333334,0.5714285714285714,0.5666666666666667,0.29411764705882354,0.8220338983050848,0.2923076923076923,0.5137665254237288,0.5916214285714286,0.5173966666666667,0.04838709677419355,0.10714285714285714,0.06428571428571428,0.3,11.204,24.49462365591398,,0.16666666666666666,0.5,0.17543859649122806,0.25267379679144386,,,,1.0,3.0,,,0.025,,1.0,,,,,,0.03125,,,,,,,,,,,,,2022
1629476,1611661330,Asia (AD) Durr,Asia (AD) Durr,1629476,ATL,22078.0,25,368,-45.0,751,743,207.0,214.0,102.0,1494,12.0,25.0,1.0,2.0,2.0,6.0,18.0,50.0,7.0,20.0,3.0,12.0,,,1.0,5.0,20.0,45.0,4.0,10.0,6.0,16.0,37.0,95.0,23.0,57.0,31.0,174.0,796,2.0,8.0,4.0,10.0,,16.0,10.0,25.0,7.0,21.0,11.0,52.0,30.0,44.0,69.0,,45.0,20.0,8.0,1.0,19.0,11.0,30.0,8.0,3.0,10.0,6.0,3.0,71.0,2.0,5.0,9.0,12.0,2.0,23.0,7.0,30.0,,10.0,7.0,3.0,13.0,4.0,7.0,9.0,2.0,6.0,3.0,22.0,,4.0,16.0,32.0,,1.0,,34.0,2.0,1.0,39.0,4.0,1.0,16.0,,5.0,4.0,1.0,4.0,158.0,52.0,206.0,6.0,4.0,,2.0,,7.0,,100.0,107.13324360699866,0.40540540540540543,0.40540540540540543,1.0,0.40350877192982454,0.4,0.3333333333333333,0.40350877192982454,0.3894736842105263,0.25,0.4,0.47039473684210525,0.4444444444444444,0.44565217391304346,0.514792899408284,0.4444444444444444,0.49056603773584906,0.375,0.017543859649122806,0.08421052631578947,0.16,0.08,,0.022222222222222223,22.10648148148148,0.5909090909090909,0.09090909090909091,0.06,0.019455252918287938,0.07377049180327869,0.017857142857142856,0.06521739130434782,0.018970189701897018,0.025,0.008928571428571428,0.022727272727272728,0.05128205128205128,0.07042253521126761,0.058823529411764705,0.07142857142857142,0.08333333333333333,,0.16447368421052633,0.48,0.5714285714285714,0.3333333333333333,0.32894736842105265,0.36,0.391304347826087,0.4444444444444444,0.13157894736842105,0.35,0.35,0.42857142857142855,0.07894736842105263,0.25,0.25,1.0,0.29605263157894735,0.4444444444444444,0.45454545454545453,1.0,0.1111111111111111,0.5,1.0,,,,0.5555555555555556,0.4,1.0,0.13043478260869565,0.3333333333333333,0.10869565217391304,0.2,0.34782608695652173,0.375,0.5394736842105263,0.4444444444444444,0.4843279605263157,0.5031321428571428,0.48307391304347824,0.0975609756097561,0.14953271028037382,0.09195402298850575,0.2988505747126437,9.09578947368421,24.214035087719296,0.3333333333333333,0.21875,0.45454545454545453,0.21875,0.2756324900133156,,,,3.0,3.0,,,0.03076923076923077,,0.75,,,,,,,,,,,,,,,,,,,2022
1631263,1611661324,Nikolina Milic,Nikolina Milic,1631263,MIN,21829.0,31,364,-12.0,721,737,194.0,184.0,97.0,1458,48.0,77.0,14.0,21.0,12.0,21.0,17.0,31.0,3.0,5.0,1.0,2.0,,,,,5.0,20.0,,,1.0,3.0,68.0,113.0,6.0,22.0,31.0,185.0,764,18.0,27.0,,,7.0,43.0,14.0,27.0,1.0,3.0,7.0,38.0,86.0,50.0,18.0,,20.0,5.0,9.0,,18.0,5.0,23.0,4.0,1.0,12.0,5.0,1.0,51.0,18.0,27.0,15.0,24.0,8.0,47.0,46.0,93.0,5.0,10.0,7.0,3.0,15.0,8.0,13.0,27.0,2.0,2.0,4.0,42.0,6.0,9.0,22.0,57.0,1.0,7.0,12.0,43.0,6.0,,42.0,6.0,,20.0,,4.0,7.0,2.0,8.0,142.0,38.0,193.0,7.0,4.0,,7.0,11.0,2.0,5.0,104.2995839112344,103.66350067842605,0.6323529411764706,0.7818181818181819,1.0,0.2727272727272727,,0.3333333333333333,0.2727272727272727,0.6017699115044248,0.6666666666666666,0.5185185185185185,0.5703703703703704,0.6666666666666666,0.5166666666666667,0.6045751633986928,0.671875,0.5,0.16296296296296298,,0.07964601769911504,0.07792207792207792,0.0967741935483871,,,23.57920193470375,0.35714285714285715,0.2962962962962963,0.11764705882352941,0.13917525773195877,0.10067114093959731,0.16216216216216217,0.11048158640226628,0.14754098360655737,0.15625,0.136986301369863,0.15053763440860216,0.07547169811320754,0.11904761904761904,0.14925373134328357,0.09482758620689655,0.12121212121212122,0.09803921568627451,0.5703703703703704,0.6233766233766234,0.676056338028169,0.5833333333333334,0.22962962962962963,0.5483870967741935,0.6071428571428571,0.7058823529411765,0.037037037037037035,0.6,0.6,1.0,0.014814814814814815,0.5,0.5,1.0,0.14814814814814814,0.25,0.25,1.0,0.7777777777777778,0.6666666666666666,,,,,,,,0.7,0.5714285714285714,,,0.1,0.3333333333333333,0.7333333333333333,0.25,0.5362785185185185,0.5337272727272727,0.5545116666666666,0.1342281879194631,0.15748031496062992,0.23243243243243245,0.20540540540540542,4.187610619469027,24.736363636363638,0.41379310344827586,0.15384615384615385,,0.1875,0.26907073509015256,26.0,,,4.0,6.0,1.0,,0.12280701754385964,0.2222222222222222,0.75,,,,1.0,,,1.0,,0.043478260869565216,1.0,1.0,1.0,3.0,,,,,,2022
1628269,1611661330,Nia Coffey,Nia Coffey,1628269,ATL,20131.0,16,336,-78.0,678,686,93.0,122.0,56.0,1364,5.0,16.0,4.0,4.0,,1.0,8.0,24.0,13.0,30.0,1.0,7.0,,,,,8.0,24.0,,,2.0,3.0,26.0,70.0,9.0,31.0,23.0,102.0,677,4.0,5.0,,,,8.0,3.0,9.0,2.0,3.0,5.0,17.0,38.0,14.0,24.0,3.0,24.0,8.0,11.0,,8.0,4.0,12.0,1.0,3.0,4.0,2.0,2.0,28.0,3.0,4.0,26.0,47.0,3.0,76.0,7.0,83.0,,10.0,7.0,3.0,12.0,3.0,7.0,22.0,2.0,5.0,7.0,34.0,,6.0,19.0,35.0,1.0,1.0,8.0,29.0,2.0,3.0,31.0,1.0,,14.0,,2.0,2.0,,2.0,94.0,15.0,89.0,1.0,1.0,,24.0,14.0,12.0,1.0,88.34808259587021,98.68804664723032,0.7307692307692307,0.7916666666666666,0.8888888888888888,0.2903225806451613,,0.6666666666666666,0.2903225806451613,0.37142857142857144,0.8,0.3333333333333333,0.3910891089108911,0.8,0.5,0.4396551724137931,0.8,0.5666666666666667,0.3069306930693069,,0.15714285714285714,0.25,0.20833333333333334,0.06666666666666667,,20.29769959404601,0.35294117647058826,0.2,0.22705314009661837,0.019704433497536946,0.19696969696969696,0.028037383177570093,0.2153392330383481,0.02258064516129032,,0.024390243902439025,0.037037037037037035,0.14285714285714285,0.26153846153846155,0.2777777777777778,0.19626168224299065,0.2,,0.15841584158415842,0.3125,0.4166666666666667,0.6,0.2376237623762376,0.3333333333333333,0.42105263157894735,0.5,0.297029702970297,0.43333333333333335,0.4642857142857143,0.9230769230769231,0.06930693069306931,0.14285714285714285,0.14285714285714285,1.0,0.2376237623762376,0.3333333333333333,0.3333333333333333,0.875,0.8,1.0,0.5,,,,,,,0.08333333333333333,,,,0.25,0.6666666666666666,0.46534653465346537,0.3333333333333333,0.4905554455445545,0.67135,0.43993333333333334,0.12280701754385964,0.1686746987951807,0.0784313725490196,0.16666666666666666,11.147142857142857,24.66774193548387,0.2727272727272727,0.1875,0.058823529411764705,0.18181818181818182,0.13716814159292035,4.0,,3.0,2.0,1.0,,,0.03225806451612903,,0.5,,,,,,,,,,,,1.0,,,,,,,2022
1628242,1611661325,Emma Cannon,Emma Cannon,1628242,IND,20090.0,24,335,-105.0,676,688,175.0,217.0,78.0,1364,21.0,34.0,5.0,10.0,3.0,4.0,13.0,29.0,17.0,33.0,,1.0,,,,1.0,9.0,17.0,1.0,1.0,,1.0,51.0,96.0,9.0,18.0,35.0,164.0,764,8.0,15.0,1.0,1.0,10.0,29.0,8.0,19.0,,2.0,12.0,28.0,84.0,18.0,27.0,,17.0,9.0,8.0,,6.0,7.0,13.0,6.0,1.0,3.0,2.0,1.0,33.0,4.0,15.0,22.0,31.0,,53.0,22.0,75.0,2.0,14.0,8.0,6.0,4.0,,2.0,13.0,2.0,2.0,3.0,17.0,3.0,3.0,19.0,48.0,,5.0,5.0,35.0,4.0,3.0,48.0,4.0,,23.0,,3.0,2.0,1.0,2.0,135.0,28.0,175.0,7.0,3.0,,26.0,18.0,11.0,,97.48520710059172,111.04651162790698,0.8235294117647058,0.875,1.0,0.5,1.0,,0.5,0.53125,0.5333333333333333,0.42105263157894735,0.5657894736842105,0.59375,0.38095238095238093,0.6029411764705882,0.6904761904761905,0.4666666666666667,0.15789473684210525,,0.08333333333333333,0.058823529411764705,0.1724137931034483,0.030303030303030304,,20.0,0.23529411764705882,,0.21379310344827587,0.07246376811594203,0.17054263565891473,0.046511627906976744,0.19343065693430658,0.06484641638225255,0.1111111111111111,0.075,0.043478260869565216,0.17391304347826086,0.25396825396825395,0.19444444444444445,0.2,0.06896551724137931,0.044444444444444446,0.2982456140350877,0.6176470588235294,0.65625,0.7142857142857143,0.2543859649122807,0.4482758620689655,0.5416666666666666,0.9230769230769231,0.2894736842105263,0.5151515151515151,0.53125,0.8823529411764706,0.008771929824561403,,,,0.14912280701754385,0.5294117647058824,0.5294117647058824,1.0,0.625,0.5,0.2,,,,0.0625,1.0,1.0,0.19047619047619047,0.75,0.047619047619047616,,0.047619047619047616,,0.45614035087719296,0.5294117647058824,0.468205701754386,0.5045615384615385,0.44621190476190475,0.17293233082706766,0.2,0.17682926829268292,0.17073170731707318,9.726041666666667,24.827777777777776,0.16666666666666666,0.125,0.1875,0.4444444444444444,0.2588757396449704,6.0,,1.0,1.0,1.0,,,0.03125,0.058823529411764705,0.5,,,,,,,3.0,2.0,0.14285714285714285,,,,,,,,,,2022
1631086,1611661325,Lexie Hull,Lexie Hull,1631086,IND,20054.0,26,334,-111.0,682,681,194.0,219.0,92.0,1363,8.0,24.0,,2.0,3.0,6.0,9.0,25.0,3.0,13.0,4.0,18.0,1.0,2.0,,3.0,4.0,25.0,,6.0,2.0,8.0,20.0,62.0,8.0,43.0,36.0,100.0,742,3.0,9.0,1.0,8.0,2.0,11.0,7.0,14.0,2.0,11.0,15.0,35.0,20.0,20.0,24.0,,25.0,4.0,8.0,,10.0,8.0,18.0,7.0,1.0,5.0,3.0,2.0,44.0,5.0,6.0,17.0,11.0,1.0,29.0,11.0,40.0,1.0,15.0,12.0,3.0,12.0,4.0,8.0,6.0,,4.0,,18.0,3.0,4.0,16.0,47.0,1.0,1.0,,31.0,1.0,4.0,40.0,3.0,,15.0,1.0,5.0,2.0,,2.0,89.0,35.0,193.0,9.0,5.0,3.0,11.0,8.0,7.0,11.0,92.52199413489735,108.95741556534509,0.5,0.5555555555555556,1.0,0.18604651162790697,0.125,0.18181818181818182,0.18604651162790697,0.3225806451612903,0.3333333333333333,0.5,0.3047619047619048,0.2647058823529412,0.4,0.4065040650406504,0.3055555555555556,0.546875,0.4095238095238095,,0.12903225806451613,0.16666666666666666,0.12,0.07692307692307693,,17.848101265822784,0.6666666666666666,0.0625,0.06918238993710692,0.026785714285714284,0.17525773195876287,0.05102040816326531,0.109375,0.034161490683229816,0.02631578947368421,0.011494252873563218,0.06756756756756757,0.06666666666666667,0.08196721311475409,0.05263157894736842,0.14864864864864866,0.2608695652173913,0.015384615384615385,0.22857142857142856,0.3333333333333333,0.4,0.625,0.23809523809523808,0.36,0.4090909090909091,0.3333333333333333,0.12380952380952381,0.23076923076923078,0.25,0.6666666666666666,0.17142857142857143,0.2222222222222222,0.2222222222222222,1.0,0.23809523809523808,0.16,0.16,1.0,0.11764705882352941,,,0.11764705882352941,0.5,1.0,0.35294117647058826,,,0.24,0.5,0.12,,0.32,0.25,0.638095238095238,0.16,0.5007914285714286,0.38747916666666665,0.484008,0.13559322033898305,0.20270270270270271,0.11,0.35,8.243548387096775,24.325581395348838,0.2,0.4375,0.25,0.29411764705882354,0.2844574780058651,4.0,1.0,1.0,2.0,1.0,2.0,,0.04918032786885246,,0.5,,,,,,0.022727272727272728,,,,,,,,5.0,1.0,,,,2022
203831,1611661324,Natalie Achonwa,Natalie Achonwa,203831,MIN,19891.0,22,332,-7.0,666,667,192.0,189.0,78.0,1333,34.0,50.0,6.0,11.0,10.0,15.0,4.0,17.0,9.0,22.0,,,,,,,,2.0,,,,,47.0,89.0,,2.0,22.0,116.0,701,6.0,14.0,,,4.0,16.0,14.0,27.0,,,6.0,34.0,86.0,8.0,,,2.0,,7.0,,24.0,13.0,37.0,12.0,1.0,9.0,11.0,4.0,87.0,8.0,16.0,24.0,38.0,3.0,65.0,25.0,90.0,3.0,9.0,5.0,4.0,11.0,5.0,9.0,11.0,,2.0,2.0,22.0,1.0,6.0,21.0,36.0,1.0,3.0,3.0,35.0,2.0,4.0,27.0,3.0,,13.0,,2.0,7.0,4.0,7.0,100.0,34.0,189.0,2.0,2.0,1.0,11.0,6.0,11.0,,104.2042042042042,105.09745127436283,0.9148936170212766,0.9772727272727273,,,,,,0.5280898876404494,0.42857142857142855,0.5185185185185185,0.5164835164835165,0.42857142857142855,0.5185185185185185,0.5631067961165048,0.5,0.5666666666666667,0.02197802197802198,,0.07865168539325842,0.08,0.17647058823529413,,,16.622340425531917,0.5,0.15,0.20430107526881722,0.08602150537634409,0.21621621621621623,0.07207207207207207,0.20875420875420875,0.08080808080808081,0.12280701754385964,0.06666666666666667,0.05747126436781609,0.11627906976744186,0.2857142857142857,0.15254237288135594,0.2345679012345679,0.16666666666666666,0.08108108108108109,0.5494505494505495,0.68,0.7391304347826086,0.9117647058823529,0.18681318681318682,0.23529411764705882,0.2857142857142857,1.0,0.24175824175824176,0.4090909090909091,0.4090909090909091,0.8888888888888888,,,,,0.02197802197802198,,,,0.7857142857142857,0.5454545454545454,0.5,,,,,,,0.5555555555555556,0.6666666666666666,,,,,0.5714285714285714,,0.5126807692307692,0.5325625,0.5132592592592593,0.12871287128712872,0.13131313131313133,0.13793103448275862,0.29310344827586204,6.866292134831461,23.3,0.3125,0.23076923076923078,0.07692307692307693,,0.2882882882882883,6.0,,4.0,3.0,6.0,1.0,,0.07407407407407407,0.125,0.8571428571428571,,,,,,,1.0,,0.05,,,1.0,,,,,,,2022
202650,1611661328,Jantel Lavender,Jantel Lavender,202650,SEA,19720.0,27,329,-45.0,634,642,106.0,150.0,63.0,1276,22.0,31.0,6.0,8.0,4.0,6.0,7.0,22.0,11.0,33.0,,2.0,,,,,5.0,22.0,,,2.0,6.0,40.0,86.0,5.0,24.0,8.0,103.0,633,7.0,12.0,,,2.0,16.0,8.0,12.0,2.0,6.0,,22.0,58.0,22.0,15.0,,22.0,5.0,6.0,,13.0,11.0,24.0,6.0,5.0,6.0,3.0,4.0,59.0,4.0,18.0,21.0,34.0,8.0,63.0,26.0,89.0,4.0,3.0,3.0,,12.0,2.0,9.0,12.0,2.0,3.0,1.0,24.0,4.0,5.0,11.0,30.0,,3.0,7.0,16.0,4.0,,12.0,,,6.0,,,4.0,2.0,4.0,87.0,22.0,106.0,,,1.0,12.0,8.0,,,92.74447949526814,98.5981308411215,0.725,0.8529411764705882,1.0,0.20833333333333334,,0.3333333333333333,0.20833333333333334,0.46511627906976744,0.5833333333333334,0.6666666666666666,0.4318181818181818,0.5833333333333334,0.6111111111111112,0.44396551724137934,0.6153846153846154,0.6111111111111112,0.21818181818181817,,0.06976744186046512,0.0967741935483871,0.13636363636363635,,,19.69057665260197,0.5,0.4444444444444444,0.1878453038674033,0.09045226130653267,0.1794871794871795,0.031007751937984496,0.18456375838926176,0.06707317073170732,0.10714285714285714,0.14084507042253522,0.009345794392523364,0.1206896551724138,0.20512820512820512,0.24444444444444444,0.16853932584269662,0.21428571428571427,0.06896551724137931,0.2818181818181818,0.7096774193548387,0.7857142857142857,0.5909090909090909,0.2,0.3181818181818182,0.3684210526315789,0.8571428571428571,0.3,0.3333333333333333,0.3333333333333333,0.9090909090909091,0.01818181818181818,,,,0.2,0.22727272727272727,0.22727272727272727,1.0,0.6666666666666666,0.75,,,,,,,,0.3333333333333333,0.6666666666666666,,,0.3333333333333333,0.3333333333333333,0.5,0.22727272727272727,0.47678727272727267,0.4959727272727273,0.4877611111111111,0.05172413793103448,0.06521739130434782,0.1553398058252427,0.21359223300970873,9.903488372093024,25.008333333333336,0.4444444444444444,0.2,0.13636363636363635,0.2777777777777778,0.167192429022082,12.0,,,2.0,4.0,,,0.027777777777777776,0.13636363636363635,1.0,,,,,,,4.0,,0.36363636363636365,,,,,,,,,,2022
203403,1611661322,Tianna Hawkins,Tianna Hawkins,203403,WAS,19480.0,25,325,-5.0,641,631,169.0,172.0,69.0,1272,22.0,32.0,4.0,7.0,4.0,6.0,5.0,20.0,3.0,9.0,1.0,10.0,,1.0,,1.0,13.0,43.0,2.0,5.0,4.0,13.0,30.0,61.0,14.0,53.0,20.0,122.0,621,5.0,11.0,2.0,6.0,5.0,21.0,5.0,9.0,4.0,14.0,9.0,31.0,50.0,10.0,42.0,,43.0,13.0,11.0,,13.0,7.0,20.0,5.0,2.0,10.0,3.0,,47.0,5.0,9.0,17.0,26.0,1.0,44.0,15.0,59.0,2.0,9.0,7.0,2.0,12.0,2.0,8.0,18.0,3.0,4.0,5.0,30.0,2.0,8.0,19.0,43.0,2.0,2.0,3.0,25.0,5.0,1.0,21.0,3.0,,9.0,,3.0,2.0,1.0,2.0,101.0,31.0,169.0,5.0,3.0,1.0,7.0,8.0,,,96.09984399375975,98.41521394611728,0.8333333333333334,0.8928571428571429,1.0,0.2641509433962264,0.3333333333333333,0.2857142857142857,0.2641509433962264,0.4918032786885246,0.45454545454545453,0.5555555555555556,0.4473684210526316,0.47058823529411764,0.4782608695652174,0.4959349593495935,0.525,0.5740740740740741,0.4649122807017544,,0.18032786885245902,0.125,0.3,0.1111111111111111,,20.958904109589042,0.4,0.045454545454545456,0.1566265060240964,0.05389221556886228,0.16831683168316833,0.03816793893129771,0.16104868913857678,0.04697986577181208,0.046511627906976744,0.06172839506172839,0.01904761904761905,0.18181818181818182,0.19718309859154928,0.0784313725490196,0.16455696202531644,0.18181818181818182,0.03508771929824561,0.2807017543859649,0.6875,0.7857142857142857,0.8636363636363636,0.17543859649122806,0.25,0.35714285714285715,0.6,0.07894736842105263,0.3333333333333333,0.375,1.0,0.08771929824561403,0.1,0.1,1.0,0.37719298245614036,0.3023255813953488,0.3023255813953488,1.0,0.4117647058823529,0.5714285714285714,0.5,0.058823529411764705,,,0.29411764705882354,0.4,1.0,0.2608695652173913,0.6666666666666666,0.043478260869565216,,0.5652173913043478,0.3076923076923077,0.7456140350877193,0.3023255813953488,0.5142149122807017,0.46740384615384617,0.5015282608695653,0.075,0.13432835820895522,0.1721311475409836,0.2540983606557377,6.2,24.967924528301886,0.3,0.2857142857142857,,0.21052631578947367,0.26365054602184085,4.0,,1.0,1.0,2.0,,,0.046511627906976744,0.11538461538461539,1.0,,,,,,,1.0,1.0,0.038461538461538464,,,,,,,,,,2022
1629484,1611661317,Megan Gustafson,Megan Gustafson,1629484,PHO,19090.0,33,318,-35.0,647,642,221.0,207.0,71.0,1289,26.0,39.0,4.0,8.0,8.0,12.0,10.0,22.0,2.0,4.0,,2.0,,,,,12.0,24.0,,,2.0,9.0,38.0,65.0,12.0,26.0,13.0,125.0,663,7.0,13.0,,,3.0,17.0,14.0,23.0,2.0,9.0,7.0,41.0,58.0,18.0,36.0,,24.0,12.0,7.0,,8.0,9.0,17.0,9.0,,4.0,2.0,2.0,43.0,6.0,9.0,16.0,25.0,6.0,47.0,17.0,64.0,,6.0,4.0,2.0,8.0,2.0,5.0,16.0,3.0,3.0,1.0,24.0,2.0,8.0,34.0,62.0,,6.0,9.0,24.0,3.0,4.0,17.0,3.0,,9.0,,1.0,4.0,,5.0,108.0,41.0,221.0,4.0,1.0,1.0,9.0,3.0,1.0,1.0,97.06336939721793,103.27102803738318,0.7631578947368421,0.8529411764705882,1.0,0.46153846153846156,,0.2222222222222222,0.46153846153846156,0.5846153846153846,0.5384615384615384,0.6086956521739131,0.6153846153846154,0.5384615384615384,0.53125,0.6377551020408163,0.5666666666666667,0.5857142857142857,0.2857142857142857,,0.1076923076923077,0.1282051282051282,0.09090909090909091,,,16.82758620689655,0.3333333333333333,0.2857142857142857,0.14705882352941177,0.057692307692307696,0.1415929203539823,0.046153846153846156,0.14487632508833923,0.05244755244755245,0.08771929824561403,0.06153846153846154,0.050505050505050504,0.15254237288135594,0.16666666666666666,0.1111111111111111,0.1368421052631579,0.16666666666666666,,0.42857142857142855,0.6666666666666666,0.7647058823529411,0.7692307692307693,0.24175824175824176,0.45454545454545453,0.5,0.7,0.04395604395604396,0.5,0.5,1.0,0.02197802197802198,,,,0.26373626373626374,0.5,0.5,1.0,0.6153846153846154,0.5,0.25,,,,,,,0.375,0.6666666666666666,,,0.28125,0.2222222222222222,0.7142857142857143,0.5,0.5359313186813187,0.5334777777777778,0.523446875,0.09278350515463918,0.1267605633802817,0.136,0.328,4.787692307692308,24.96923076923077,0.07692307692307693,0.3333333333333333,0.5,0.07692307692307693,0.3415765069551777,8.0,,,4.0,5.0,3.0,,,0.03225806451612903,1.0,,,,1.0,,,2.0,,0.11764705882352941,1.0,,2.0,5.0,,,,,,2022
1628287,1611661317,Jennie Simms,Jennie Simms,1628287,PHO,18187.0,23,303,15.0,594,583,200.0,178.0,66.0,1177,18.0,25.0,4.0,6.0,4.0,7.0,8.0,14.0,,5.0,2.0,8.0,,,1.0,3.0,2.0,11.0,,1.0,,1.0,26.0,44.0,4.0,19.0,15.0,79.0,570,6.0,10.0,,1.0,3.0,15.0,7.0,12.0,1.0,4.0,8.0,25.0,34.0,18.0,12.0,,11.0,2.0,6.0,3.0,11.0,9.0,20.0,9.0,,7.0,3.0,1.0,49.0,6.0,7.0,17.0,18.0,3.0,38.0,13.0,51.0,2.0,12.0,9.0,3.0,12.0,3.0,7.0,12.0,3.0,5.0,2.0,24.0,5.0,7.0,15.0,38.0,,3.0,1.0,19.0,3.0,3.0,19.0,1.0,,6.0,,4.0,1.0,1.0,1.0,64.0,25.0,199.0,6.0,4.0,,3.0,4.0,1.0,3.0,98.48484848484848,97.77015437392795,0.6538461538461539,0.7391304347826086,1.0,0.21052631578947367,,0.25,0.21052631578947367,0.5909090909090909,0.6,0.5833333333333334,0.5079365079365079,0.5454545454545454,0.53125,0.5486111111111112,0.5769230769230769,0.5952380952380952,0.30158730158730157,0.15789473684210525,0.13636363636363635,0.08,0.21428571428571427,0.2,0.18181818181818182,14.371257485029941,0.5,0.16666666666666666,0.10404624277456648,0.04895104895104895,0.15315315315315314,0.04918032786885246,0.12323943661971831,0.04905660377358491,0.03773584905660377,0.06349206349206349,0.042105263157894736,0.0958904109589041,0.09090909090909091,0.14705882352941177,0.16483516483516483,0.1,0.08695652173913043,0.3968253968253968,0.72,0.782608695652174,0.6111111111111112,0.2222222222222222,0.5714285714285714,0.7272727272727273,0.75,0.07936507936507936,,,,0.12698412698412698,0.25,0.2857142857142857,1.0,0.1746031746031746,0.18181818181818182,0.2222222222222222,1.0,0.5454545454545454,0.6666666666666666,0.25,,,,0.09090909090909091,,,0.4375,0.5714285714285714,0.1875,0.3333333333333333,0.0625,,0.6984126984126984,0.18181818181818182,0.516165873015873,0.5252,0.528025,0.08823529411764706,0.12244897959183673,0.189873417721519,0.31645569620253167,5.486363636363636,24.257894736842104,0.14285714285714285,0.6666666666666666,0.6666666666666666,0.26666666666666666,0.3367003367003367,6.0,3.0,,,1.0,3.0,,0.037037037037037035,0.07407407407407407,1.0,,,,,,,,,,,,,1.0,,,0.125,,1.0,2022
203026,1611661330,Tiffany Hayes,Tiffany Hayes,203026,ATL,18166.0,11,303,-48.0,610,608,78.0,100.0,77.0,1218,33.0,46.0,4.0,7.0,5.0,8.0,12.0,27.0,3.0,6.0,6.0,13.0,,,1.0,1.0,12.0,29.0,1.0,2.0,,2.0,48.0,79.0,18.0,42.0,28.0,178.0,644,5.0,9.0,1.0,2.0,,13.0,5.0,9.0,1.0,3.0,4.0,17.0,46.0,50.0,48.0,6.0,29.0,12.0,6.0,,13.0,10.0,23.0,6.0,4.0,7.0,2.0,4.0,56.0,1.0,2.0,17.0,16.0,4.0,37.0,3.0,40.0,,8.0,8.0,,12.0,1.0,7.0,10.0,1.0,5.0,4.0,22.0,1.0,8.0,10.0,33.0,1.0,3.0,1.0,41.0,,3.0,41.0,8.0,,22.0,1.0,1.0,1.0,,1.0,165.0,17.0,77.0,4.0,1.0,,12.0,18.0,6.0,1.0,97.70491803278689,105.92105263157895,0.4791666666666667,0.48936170212765956,0.8888888888888888,0.42857142857142855,0.5,0.3333333333333333,0.42857142857142855,0.6075949367088608,0.5555555555555556,0.5555555555555556,0.6198347107438017,0.5909090909090909,0.5416666666666666,0.6496350364963503,0.5909090909090909,0.5666666666666667,0.34710743801652894,,0.0759493670886076,0.043478260869565216,0.14814814814814814,,,22.746781115879827,0.5454545454545454,0.3076923076923077,0.11428571428571428,0.01,0.15178571428571427,0.010309278350515464,0.13095238095238096,0.010101010101010102,0.03571428571428571,,,0.09302325581395349,0.10526315789473684,0.15,0.17777777777777778,0.045454545454545456,,0.38016528925619836,0.717391304347826,0.75,0.45454545454545453,0.2231404958677686,0.4444444444444444,0.5217391304347826,0.5,0.049586776859504134,0.5,0.5,0.6666666666666666,0.10743801652892562,0.46153846153846156,0.46153846153846156,1.0,0.2396694214876033,0.41379310344827586,0.41379310344827586,0.8333333333333334,0.6363636363636364,0.5714285714285714,0.75,,,,0.18181818181818182,0.5,,0.6666666666666666,0.625,0.08333333333333333,1.0,0.16666666666666666,,0.7272727272727273,0.41379310344827586,0.5418090909090909,0.5733900000000001,0.5890958333333333,0.16911764705882354,0.23655913978494625,0.07303370786516854,0.09550561797752809,4.748101265822785,24.388095238095236,0.16666666666666666,0.26666666666666666,0.3333333333333333,0.3333333333333333,0.12786885245901639,2.0,1.0,1.0,1.0,1.0,,5.0,,0.041666666666666664,1.0,,,,,,0.023255813953488372,,,,,,,,,,,,,2022
1630444,1611661320,Jasmine Walker,Jasmine Walker,1630444,LAS,16843.0,32,281,-133.0,560,564,181.0,160.0,63.0,1124,2.0,7.0,1.0,2.0,,1.0,2.0,6.0,5.0,13.0,2.0,10.0,,1.0,,4.0,8.0,40.0,1.0,3.0,3.0,12.0,9.0,26.0,10.0,50.0,3.0,51.0,636,1.0,2.0,1.0,4.0,2.0,7.0,2.0,3.0,3.0,16.0,3.0,16.0,16.0,2.0,30.0,,40.0,8.0,2.0,,4.0,2.0,6.0,2.0,,3.0,1.0,,14.0,7.0,5.0,16.0,19.0,1.0,36.0,12.0,48.0,,6.0,5.0,1.0,10.0,,8.0,5.0,3.0,2.0,1.0,15.0,2.0,3.0,18.0,30.0,,2.0,1.0,7.0,2.0,2.0,3.0,1.0,,1.0,,1.0,3.0,,3.0,44.0,16.0,181.0,1.0,1.0,,11.0,1.0,8.0,,89.82142857142858,112.76595744680851,0.8888888888888888,1.0,1.0,0.2,0.25,0.1875,0.2,0.34615384615384615,0.5,0.6666666666666666,0.3157894736842105,0.4166666666666667,0.34210526315789475,0.33116883116883117,0.5,0.4,0.6578947368421053,,0.07692307692307693,0.14285714285714285,,0.07692307692307693,,14.696485623003195,0.6666666666666666,0.058823529411764705,0.13286713286713286,0.031055900621118012,0.16326530612244897,0.06422018348623854,0.14522821576763487,0.044444444444444446,0.0625,0.018518518518518517,0.07058823529411765,0.13793103448275862,0.15789473684210525,0.07142857142857142,0.1518987341772152,0.21052631578947367,,0.09210526315789473,0.2857142857142857,0.3333333333333333,0.5,0.07894736842105263,0.3333333333333333,0.3333333333333333,1.0,0.17105263157894737,0.38461538461538464,0.4166666666666667,1.0,0.13157894736842105,0.2,0.2,1.0,0.5263157894736842,0.2,0.2,1.0,0.3333333333333333,0.5,,0.16666666666666666,,,0.5,0.3333333333333333,1.0,0.05263157894736842,,0.21052631578947367,,0.631578947368421,0.25,0.75,0.2,0.5045861842105264,0.49897,0.5186026315789474,0.013157894736842105,0.038461538461538464,0.13725490196078433,0.3137254901960784,11.003846153846155,24.338,0.2,,,0.2,0.32321428571428573,2.0,,,3.0,2.0,,,0.01694915254237288,0.041666666666666664,0.6666666666666666,,,,,,,,,,,,,,,,,,,2022
203024,1611661324,Damiris Dantas,Damiris Dantas,203024,MIN,15692.0,15,262,45.0,508,509,36.0,63.0,67.0,1017,7.0,12.0,2.0,2.0,,,5.0,12.0,,7.0,4.0,7.0,,,1.0,1.0,12.0,54.0,1.0,3.0,1.0,3.0,12.0,31.0,16.0,61.0,5.0,77.0,516,3.0,7.0,1.0,3.0,,9.0,,3.0,2.0,4.0,2.0,8.0,14.0,10.0,48.0,,54.0,12.0,3.0,1.0,24.0,4.0,28.0,4.0,,15.0,7.0,2.0,60.0,3.0,7.0,16.0,26.0,5.0,47.0,10.0,57.0,,3.0,2.0,1.0,8.0,5.0,7.0,8.0,1.0,1.0,2.0,16.0,1.0,1.0,14.0,18.0,,,,10.0,2.0,,6.0,2.0,,3.0,,,1.0,,1.0,68.0,8.0,36.0,1.0,,,1.0,,,,110.43307086614173,101.37524557956779,0.5833333333333334,0.7,1.0,0.26229508196721313,0.3333333333333333,0.5,0.26229508196721313,0.3870967741935484,0.42857142857142855,,0.391304347826087,0.45,0.42857142857142855,0.41397849462365593,0.45,0.5714285714285714,0.6630434782608695,0.01639344262295082,0.0967741935483871,0.25,,,0.018518518518518517,18.537414965986393,0.5,0.4166666666666667,0.18055555555555555,0.045454545454545456,0.14414414414414414,0.03296703296703297,0.16470588235294117,0.04081632653061224,0.021739130434782608,0.047619047619047616,0.039473684210526314,0.19148936170212766,0.16,0.19148936170212766,0.14285714285714285,0.14814814814814814,,0.13043478260869565,0.5833333333333334,0.7777777777777778,0.7142857142857143,0.13043478260869565,0.4166666666666667,0.4166666666666667,0.4,0.07608695652173914,,,,0.07608695652173914,0.5714285714285714,0.5714285714285714,1.0,0.5869565217391305,0.2222222222222222,0.22641509433962265,1.0,0.2,1.0,,,,,0.3,0.3333333333333333,1.0,,,0.14285714285714285,1.0,0.42857142857142855,0.3333333333333333,0.7934782608695652,0.2222222222222222,0.5198586956521739,0.5091249999999999,0.4873857142857143,0.03225806451612903,0.09375,0.11688311688311688,0.1038961038961039,8.619354838709677,24.421311475409837,0.4,0.14285714285714285,0.42857142857142855,0.24444444444444444,0.07086614173228346,4.0,,,1.0,,,,0.06666666666666667,,,,,,,,,,,,,,1.0,,,,,,,2022
204335,1611661313,Betnijah Laney,Betnijah Laney,204335,NYL,15287.0,9,255,-38.0,506,494,139.0,123.0,36.0,1000,19.0,30.0,1.0,2.0,1.0,5.0,3.0,6.0,5.0,25.0,8.0,14.0,1.0,1.0,2.0,5.0,3.0,15.0,,2.0,,2.0,27.0,61.0,11.0,29.0,14.0,101.0,490,1.0,2.0,1.0,3.0,2.0,7.0,2.0,14.0,2.0,7.0,5.0,15.0,18.0,36.0,33.0,,15.0,3.0,2.0,,15.0,10.0,25.0,6.0,4.0,11.0,2.0,2.0,60.0,,1.0,12.0,17.0,,29.0,1.0,30.0,,4.0,3.0,1.0,10.0,7.0,6.0,14.0,2.0,4.0,2.0,24.0,1.0,5.0,12.0,24.0,,2.0,2.0,26.0,1.0,3.0,16.0,1.0,1.0,7.0,,1.0,1.0,1.0,1.0,94.0,15.0,138.0,,1.0,,11.0,5.0,13.0,,89.32806324110673,99.1902834008097,0.3333333333333333,0.3333333333333333,1.0,0.3793103448275862,0.3333333333333333,0.2857142857142857,0.3793103448275862,0.4426229508196721,0.5,0.14285714285714285,0.48333333333333334,0.5,0.23809523809523808,0.520618556701031,0.5833333333333334,0.3125,0.32222222222222224,,0.03278688524590164,0.06666666666666667,,,,22.24264705882353,0.4166666666666667,,0.10179640718562874,0.007874015748031496,0.13793103448275862,,0.1141732283464567,0.004484304932735426,,,,0.09523809523809523,0.07407407407407407,0.14,0.14492753623188406,0.1111111111111111,,0.3333333333333333,0.6333333333333333,0.6785714285714286,0.3684210526315789,0.06666666666666667,0.5,0.5,,0.2777777777777778,0.2,0.2,0.4,0.15555555555555556,0.5714285714285714,0.5714285714285714,1.0,0.16666666666666666,0.2,0.2,1.0,0.4,0.5,1.0,0.2,1.0,1.0,0.4,,,0.23809523809523808,0.2,0.23809523809523808,0.4,0.09523809523809523,,0.6555555555555556,0.2,0.4864311111111111,0.5369375,0.41335476190476195,0.07291666666666667,0.1044776119402985,0.06930693069306931,0.1485148514851485,9.69672131147541,24.010344827586206,,,0.1111111111111111,0.17647058823529413,0.274703557312253,,1.0,,,1.0,6.0,,0.025,,1.0,,,,,,,,,,,,,3.0,,,,,,2022
1631002,1611661323,Nia Clouden,Nia Clouden,1631002,CON,14683.0,28,245,15.0,492,495,165.0,156.0,56.0,987,4.0,12.0,,,1.0,4.0,2.0,5.0,,7.0,3.0,10.0,,,3.0,6.0,9.0,19.0,,1.0,3.0,3.0,6.0,24.0,12.0,29.0,10.0,58.0,456,,1.0,,1.0,,,2.0,7.0,6.0,9.0,6.0,28.0,6.0,6.0,27.0,9.0,19.0,9.0,2.0,1.0,17.0,4.0,21.0,3.0,1.0,9.0,6.0,2.0,46.0,,2.0,8.0,13.0,,21.0,2.0,23.0,1.0,6.0,2.0,4.0,9.0,1.0,6.0,3.0,,3.0,1.0,12.0,,4.0,10.0,26.0,,1.0,1.0,27.0,,9.0,17.0,,,6.0,1.0,2.0,1.0,1.0,1.0,58.0,28.0,165.0,2.0,2.0,,,2.0,1.0,,95.73170731707317,92.12121212121212,0.5,0.5,0.75,0.41379310344827586,,0.6666666666666666,0.41379310344827586,0.25,,0.2857142857142857,0.4528301886792453,,0.6875,0.47540983606557374,,0.7,0.5471698113207547,0.034482758620689655,0.08333333333333333,0.16666666666666666,,,,13.082437275985663,0.75,,0.09352517985611511,0.014285714285714285,0.10810810810810811,,0.09859154929577464,0.009569377990430622,,,,0.045454545454545456,0.10638297872340426,0.125,0.12280701754385964,0.058823529411764705,0.03125,0.22641509433962265,0.3333333333333333,0.4,0.5,0.09433962264150944,0.4,0.4,0.5,0.1320754716981132,,,,0.18867924528301888,0.3,0.3333333333333333,1.0,0.3584905660377358,0.47368421052631576,0.47368421052631576,0.6666666666666666,,,,,,,0.5,,,0.25,0.25,0.375,0.5,0.1875,1.0,0.7735849056603774,0.47368421052631576,0.5288745283018867,0.2974,0.549953125,0.11864406779661017,0.2,,0.4827586206896552,7.683333333333334,24.217241379310344,0.5,0.3333333333333333,0.42857142857142855,0.4117647058823529,0.3353658536585366,,,1.0,,,,,0.06896551724137931,,,,,1.0,,,0.034482758620689655,,,,,,,,,,0.1,,,2022
1630149,1611661321,Satou Sabally,Satou Sabally,1630149,DAL,14328.0,11,239,-1.0,468,473,87.0,117.0,69.0,941,19.0,33.0,1.0,5.0,3.0,6.0,6.0,16.0,6.0,11.0,1.0,5.0,,,,,9.0,38.0,1.0,5.0,2.0,8.0,31.0,60.0,10.0,43.0,32.0,124.0,496,3.0,9.0,1.0,5.0,5.0,14.0,4.0,8.0,2.0,8.0,9.0,23.0,42.0,20.0,30.0,,38.0,9.0,6.0,1.0,11.0,12.0,23.0,8.0,4.0,9.0,1.0,1.0,58.0,6.0,3.0,20.0,18.0,6.0,44.0,9.0,53.0,1.0,5.0,3.0,2.0,11.0,4.0,7.0,14.0,,4.0,3.0,25.0,,4.0,16.0,35.0,2.0,1.0,4.0,36.0,4.0,,35.0,7.0,,18.0,,3.0,2.0,,2.0,110.0,23.0,87.0,4.0,4.0,2.0,21.0,7.0,12.0,1.0,105.76923076923077,104.86257928118393,0.6774193548387096,0.7241379310344828,1.0,0.23255813953488372,0.2,0.25,0.23255813953488372,0.5166666666666667,0.3333333333333333,0.5,0.44660194174757284,0.32142857142857145,0.4375,0.5299145299145299,0.4117647058823529,0.6052631578947368,0.4174757281553398,0.023255813953488372,0.1,0.12121212121212122,0.125,,0.02631578947368421,25.539568345323744,0.44,0.4,0.1323529411764706,0.02459016393442623,0.24390243902439024,0.05504587155963303,0.1743119266055046,0.03896103896103896,,0.022727272727272728,0.06593406593406594,0.05714285714285714,0.16129032258064516,0.15384615384615385,0.25757575757575757,0.1875,0.01818181818181818,0.32038834951456313,0.5757575757575758,0.6551724137931034,0.5789473684210527,0.1553398058252427,0.375,0.42857142857142855,0.6666666666666666,0.10679611650485436,0.5454545454545454,0.5454545454545454,1.0,0.04854368932038835,0.2,0.2,1.0,0.36893203883495146,0.23684210526315788,0.24324324324324326,1.0,0.35714285714285715,0.2,,,,,0.35714285714285715,0.2,1.0,0.375,0.5,,,0.5,0.25,0.7378640776699029,0.23684210526315788,0.5043296116504855,0.56035,0.486215625,0.15789473684210525,0.2535211267605634,0.11290322580645161,0.18548387096774194,6.028333333333333,24.862790697674416,0.35714285714285715,0.5,0.2,0.21212121212121213,0.1858974358974359,4.0,,,2.0,,1.0,,0.06896551724137931,,,,,,,,,,,,,,,,,,,,,2022
204334,1611661317,Reshanda Gray,Reshanda Gray,204334,PHO,14226.0,27,237,-28.0,460,468,168.0,147.0,55.0,928,13.0,24.0,,2.0,3.0,7.0,8.0,13.0,1.0,6.0,,3.0,,1.0,,1.0,3.0,11.0,,,,4.0,22.0,43.0,3.0,14.0,6.0,59.0,484,1.0,3.0,,1.0,5.0,7.0,5.0,14.0,,5.0,3.0,13.0,42.0,2.0,9.0,,11.0,3.0,6.0,,7.0,4.0,11.0,2.0,2.0,3.0,2.0,2.0,26.0,9.0,7.0,10.0,23.0,4.0,37.0,16.0,53.0,,7.0,6.0,1.0,5.0,2.0,4.0,22.0,1.0,1.0,3.0,27.0,2.0,8.0,19.0,56.0,1.0,7.0,15.0,17.0,1.0,4.0,9.0,1.0,,4.0,,1.0,5.0,2.0,5.0,52.0,13.0,168.0,5.0,1.0,,7.0,7.0,14.0,4.0,99.1304347826087,103.41880341880342,0.9545454545454546,1.0,1.0,0.21428571428571427,,,0.21428571428571427,0.5116279069767442,0.3333333333333333,0.35714285714285715,0.4649122807017544,0.25,0.2631578947368421,0.48360655737704916,0.5,0.30952380952380953,0.24561403508771928,,0.13953488372093023,0.16666666666666666,0.15384615384615385,,,16.761904761904763,0.18518518518518517,0.6666666666666666,0.1796875,0.056451612903225805,0.12345679012345678,0.10465116279069768,0.15789473684210525,0.0761904761904762,0.08333333333333333,0.02127659574468085,0.11940298507462686,0.2682926829268293,0.11320754716981132,0.17647058823529413,0.13114754098360656,0.1,,0.42105263157894735,0.5416666666666666,0.65,1.0,0.22807017543859648,0.6153846153846154,0.7272727272727273,0.875,0.10526315789473684,0.16666666666666666,0.16666666666666666,1.0,0.05263157894736842,,,,0.19298245614035087,0.2727272727272727,0.2727272727272727,1.0,0.5,,,0.25,,,,,,0.3684210526315789,0.42857142857142855,0.05263157894736842,,0.21052631578947367,,0.6666666666666666,0.2727272727272727,0.5279473684210527,0.493875,0.5227789473684211,0.06666666666666667,0.08695652173913043,0.11864406779661017,0.22033898305084745,5.4186046511627906,24.635714285714283,0.45454545454545453,0.5,0.4,0.18181818181818182,0.3652173913043478,2.0,,1.0,2.0,2.0,4.0,2.0,0.06896551724137931,0.05263157894736842,0.4,,,,,,,,,,,1.0,,4.0,,,,,,2022
1630113,1611661329,Ruthy Hebard,Ruthy Hebard,1630113,CHI,13930.0,24,232,-19.0,464,465,124.0,148.0,30.0,929,16.0,25.0,1.0,3.0,2.0,5.0,7.0,18.0,2.0,6.0,,,,,,,,,,,,,25.0,49.0,,,6.0,56.0,459,4.0,8.0,,,1.0,9.0,5.0,8.0,,,2.0,12.0,46.0,4.0,,,,,3.0,,8.0,4.0,12.0,2.0,2.0,5.0,1.0,2.0,28.0,2.0,5.0,11.0,18.0,4.0,33.0,8.0,41.0,,8.0,7.0,1.0,6.0,,4.0,7.0,,2.0,1.0,13.0,1.0,3.0,13.0,29.0,1.0,2.0,4.0,11.0,2.0,2.0,8.0,2.0,,5.0,,,2.0,,3.0,47.0,12.0,124.0,1.0,,,8.0,1.0,,,94.82758620689656,98.70967741935483,0.92,0.9583333333333334,,,,,,0.5102040816326531,0.5,0.625,0.5102040816326531,0.5,0.625,0.5384615384615384,0.5625,0.6666666666666666,,,0.061224489795918366,0.12,,,,13.10483870967742,0.46153846153846156,0.3333333333333333,0.144,0.0390625,0.13095238095238096,0.03508771929824561,0.13875598086124402,0.03783783783783784,0.025,0.041666666666666664,0.0425531914893617,0.0851063829787234,0.16666666666666666,0.20833333333333334,0.12903225806451613,0.13636363636363635,,0.5102040816326531,0.64,0.7272727272727273,0.9375,0.3673469387755102,0.3888888888888889,0.3888888888888889,0.8571428571428571,0.12244897959183673,0.3333333333333333,0.3333333333333333,1.0,,,,,,,,,0.375,0.3333333333333333,,,,,,,,0.625,0.4,,,,,0.5102040816326531,,0.522869387755102,0.5118333333333334,0.5155875,0.09615384615384616,0.09615384615384616,0.16071428571428573,0.21428571428571427,5.875510204081632,,0.1111111111111111,0.09090909090909091,0.25,,0.2672413793103448,2.0,,,2.0,2.0,,,0.05,,0.6666666666666666,,,,1.0,1.0,,1.0,1.0,0.14285714285714285,,,,,,,,,,2022
1630387,1611661319,Iliana Rupert,Iliana Rupert,1630387,LVA,13396.0,17,223,-48.0,451,453,130.0,102.0,41.0,904,6.0,8.0,1.0,1.0,1.0,1.0,3.0,5.0,2.0,3.0,4.0,14.0,,,1.0,5.0,10.0,24.0,1.0,2.0,4.0,8.0,11.0,16.0,14.0,38.0,1.0,65.0,532,3.0,3.0,1.0,2.0,,9.0,2.0,2.0,5.0,13.0,1.0,20.0,18.0,4.0,42.0,,24.0,10.0,1.0,,8.0,7.0,15.0,3.0,4.0,4.0,3.0,1.0,37.0,7.0,4.0,14.0,12.0,2.0,28.0,11.0,39.0,2.0,7.0,4.0,3.0,5.0,1.0,4.0,4.0,,1.0,,9.0,1.0,2.0,21.0,35.0,,4.0,2.0,3.0,,,3.0,1.0,,2.0,,,,,,56.0,20.0,128.0,2.0,,1.0,7.0,6.0,5.0,,107.31707317073172,117.43929359823399,0.8181818181818182,1.0,1.0,0.3684210526315789,0.5,0.38461538461538464,0.3684210526315789,0.6875,1.0,1.0,0.5925925925925926,0.9,0.6333333333333333,0.5909090909090909,0.9,0.625,0.7037037037037037,,0.0625,,,0.3333333333333333,,12.877263581488934,0.5555555555555556,0.16666666666666666,0.1016949152542373,0.03636363636363636,0.16470588235294117,0.06666666666666667,0.12807881773399016,0.05116279069767442,,0.019230769230769232,0.06493506493506493,0.11363636363636363,0.09523809523809523,0.09375,0.16901408450704225,0.14285714285714285,0.07142857142857142,0.14814814814814814,0.75,0.75,0.8333333333333334,0.09259259259259259,0.6,0.6,0.6666666666666666,0.05555555555555555,0.6666666666666666,1.0,1.0,0.25925925925925924,0.2857142857142857,0.2857142857142857,1.0,0.4444444444444444,0.4166666666666667,0.4166666666666667,1.0,0.2,1.0,,,,,0.4,0.5,1.0,0.06666666666666667,1.0,0.3333333333333333,0.2,0.5333333333333333,0.5,0.8518518518518519,0.4166666666666667,0.5261712962962963,0.5139,0.5238,0.03636363636363636,0.11764705882352941,0.13846153846153847,0.3076923076923077,7.9875,24.526315789473685,,,,0.2916666666666667,0.28824833702882485,4.0,,,,,2.0,,0.12,0.07142857142857142,,,,,,,,,,,,,,,,,,,,2022
1629568,1611661322,Kennedy Burke,Kennedy Burke,1629568,WAS,13349.0,16,222,-24.0,438,435,92.0,83.0,54.0,873,17.0,24.0,2.0,4.0,5.0,5.0,4.0,13.0,1.0,5.0,5.0,11.0,,,1.0,3.0,6.0,21.0,,1.0,1.0,4.0,22.0,42.0,11.0,32.0,10.0,87.0,430,3.0,5.0,,1.0,,6.0,7.0,8.0,2.0,7.0,3.0,23.0,28.0,16.0,33.0,,21.0,6.0,7.0,1.0,4.0,3.0,7.0,3.0,,2.0,1.0,1.0,17.0,3.0,5.0,9.0,13.0,5.0,27.0,8.0,35.0,3.0,16.0,13.0,3.0,7.0,,3.0,1.0,,4.0,,8.0,,2.0,12.0,17.0,1.0,1.0,,15.0,1.0,,17.0,3.0,,8.0,,2.0,4.0,2.0,4.0,81.0,23.0,90.0,,1.0,3.0,,5.0,1.0,,92.69406392694064,98.85057471264369,0.6363636363636364,0.7,1.0,0.34375,,0.2857142857142857,0.34375,0.5238095238095238,0.6,0.875,0.5202702702702703,0.5,0.6666666666666666,0.5370370370370371,0.42857142857142855,0.6764705882352942,0.43243243243243246,0.03125,0.16666666666666666,0.125,0.3076923076923077,,0.047619047619047616,17.729083665338646,0.875,0.38461538461538464,0.11304347826086956,0.038461538461538464,0.1267605633802817,0.03409090909090909,0.11827956989247312,0.03669724770642202,0.058823529411764705,0.028985507246376812,0.02702702702702703,0.15384615384615385,0.03508771929824561,0.21875,0.12727272727272726,0.125,0.09375,0.32432432432432434,0.7083333333333334,0.8095238095238095,0.5882352941176471,0.17567567567567569,0.3076923076923077,0.4444444444444444,0.75,0.06756756756756757,0.2,0.2,1.0,0.14864864864864866,0.45454545454545453,0.45454545454545453,1.0,0.28378378378378377,0.2857142857142857,0.3,1.0,0.6666666666666666,0.5,,,,,0.16666666666666666,,,0.3333333333333333,1.0,0.2,0.3333333333333333,0.26666666666666666,0.25,0.7567567567567568,0.2857142857142857,0.5440621621621621,0.4923,0.5429333333333334,0.10126582278481013,0.1702127659574468,0.06896551724137931,0.26436781609195403,5.892857142857143,24.515625,0.5714285714285714,0.3333333333333333,0.25,0.55,0.2100456621004566,4.0,,,2.0,3.0,,,0.037037037037037035,0.07142857142857142,0.75,,,,,,,,,,,,,,,,,,,2022
201911,1611661320,Kristi Toliver,Kristi Toliver,201911,LAS,13086.0,11,218,-55.0,447,442,50.0,49.0,43.0,889,,1.0,,,,,4.0,9.0,2.0,5.0,1.0,3.0,,,,1.0,12.0,33.0,3.0,6.0,2.0,4.0,6.0,15.0,13.0,36.0,14.0,65.0,472,2.0,3.0,3.0,6.0,,13.0,1.0,3.0,2.0,5.0,6.0,14.0,6.0,6.0,39.0,,33.0,12.0,2.0,,31.0,3.0,34.0,2.0,1.0,11.0,13.0,7.0,71.0,,,2.0,6.0,,8.0,,8.0,,4.0,4.0,,19.0,5.0,17.0,6.0,,2.0,,25.0,2.0,1.0,4.0,14.0,,1.0,1.0,10.0,,2.0,16.0,,5.0,,,5.0,,,,52.0,12.0,49.0,,3.0,,,,1.0,,93.28859060402685,106.78733031674209,0.5,0.5,1.0,0.3611111111111111,0.5,0.4,0.3611111111111111,0.4,0.6666666666666666,0.3333333333333333,0.5,0.7222222222222222,0.5,0.5357142857142857,0.7222222222222222,0.5833333333333334,0.7058823529411765,,0.13333333333333333,,0.2222222222222222,,,15.96806387225549,0.76,,0.05263157894736842,,0.024390243902439025,,0.04081632653061224,,,,,0.06521739130434782,0.0392156862745098,0.058823529411764705,0.029850746268656716,,,0.0196078431372549,,,,0.17647058823529413,0.4444444444444444,0.5714285714285714,0.5,0.09803921568627451,0.4,0.4,0.5,0.058823529411764705,0.3333333333333333,0.3333333333333333,1.0,0.6470588235294118,0.36363636363636365,0.36363636363636365,1.0,,,,,,,0.6666666666666666,0.5,1.0,,,0.125,,0.5,0.5,0.7254901960784313,0.36363636363636365,0.4784970588235294,0.5252100000000001,0.4361875,,,0.2,0.2153846153846154,11.873333333333333,26.047222222222224,,0.75,,0.21739130434782608,0.11185682326621924,,,,,,,,,,,,,,,,,,,,,,,,,,,,,2022
1630471,1611661330,Maya Caldwell,Maya Caldwell,1630471,ATL,12816.0,9,214,-20.0,425,414,61.0,65.0,49.0,839,7.0,16.0,,1.0,2.0,3.0,2.0,5.0,11.0,21.0,6.0,9.0,,,,1.0,12.0,23.0,,4.0,,3.0,20.0,42.0,18.0,32.0,4.0,98.0,461,2.0,5.0,,4.0,1.0,5.0,3.0,5.0,,4.0,1.0,7.0,18.0,22.0,51.0,3.0,23.0,12.0,5.0,,13.0,7.0,20.0,3.0,4.0,7.0,3.0,3.0,47.0,1.0,3.0,5.0,11.0,1.0,17.0,5.0,22.0,,7.0,6.0,1.0,8.0,5.0,7.0,6.0,,1.0,,14.0,1.0,2.0,10.0,15.0,,,,6.0,,1.0,5.0,1.0,,3.0,,,2.0,1.0,2.0,93.0,7.0,59.0,,,6.0,10.0,7.0,,,103.76470588235294,111.35265700483093,0.45,0.45,0.9444444444444444,0.5625,,,0.5625,0.47619047619047616,0.4,0.6,0.6351351351351351,0.2222222222222222,0.3333333333333333,0.6447368421052632,0.25,0.35,0.43243243243243246,,0.11904761904761904,0.25,0.2,,,18.907563025210084,0.5714285714285714,0.1,0.09821428571428571,0.0234375,0.06756756756756757,0.014492753623188406,0.08602150537634409,0.02030456852791878,0.043478260869565216,0.02631578947368421,0.017241379310344827,0.075,0.1282051282051282,0.09090909090909091,0.08928571428571429,,,0.21621621621621623,0.4375,0.5833333333333334,0.5714285714285714,0.06756756756756757,0.4,0.5,,0.28378378378378377,0.5238095238095238,0.5238095238095238,0.45454545454545453,0.12162162162162163,0.6666666666666666,0.6666666666666666,1.0,0.3108108108108108,0.5217391304347826,0.5217391304347826,0.9166666666666666,0.1111111111111111,,,,,,0.4444444444444444,,,0.3333333333333333,0.6666666666666666,0.1111111111111111,,0.3333333333333333,,0.6486486486486487,0.5217391304347826,0.5159844594594595,0.4834375,0.5149111111111111,0.039473684210526314,0.06818181818181818,0.05102040816326531,0.07142857142857142,11.016666666666666,23.91875,0.2222222222222222,,0.2,0.23076923076923078,0.14352941176470588,,1.0,,,2.0,,,,,1.0,,,,,,,1.0,,0.125,,1.0,1.0,,,,,,,2022
1630115,1611661323,Joyner Holmes,Joyner Holmes,1630115,CON,12308.0,26,205,-41.0,409,415,135.0,145.0,47.0,824,6.0,13.0,2.0,3.0,,3.0,6.0,14.0,2.0,12.0,2.0,4.0,,1.0,,1.0,3.0,18.0,1.0,2.0,1.0,5.0,14.0,39.0,5.0,22.0,10.0,53.0,418,3.0,7.0,1.0,3.0,3.0,12.0,1.0,8.0,1.0,6.0,,5.0,12.0,16.0,15.0,,18.0,3.0,,,8.0,4.0,12.0,2.0,2.0,5.0,1.0,2.0,28.0,3.0,3.0,7.0,18.0,4.0,29.0,6.0,35.0,,8.0,6.0,2.0,9.0,,6.0,10.0,2.0,3.0,3.0,19.0,1.0,5.0,8.0,20.0,,4.0,3.0,8.0,,,13.0,1.0,,7.0,,,1.0,1.0,2.0,41.0,5.0,135.0,1.0,,,,,4.0,,92.1760391198044,100.72289156626505,0.42857142857142855,0.46153846153846156,1.0,0.22727272727272727,0.3333333333333333,0.16666666666666666,0.22727272727272727,0.358974358974359,0.42857142857142855,0.125,0.3524590163934426,0.45,0.17857142857142858,0.39552238805970147,0.5454545454545454,0.17857142857142858,0.36065573770491804,,,,,,,18.53448275862069,0.47368421052631576,0.4,0.16981132075471697,0.025,0.0945945945945946,0.047619047619047616,0.1388888888888889,0.03278688524590164,0.018867924528301886,0.05128205128205128,0.04,0.15625,0.1951219512195122,0.15151515151515152,0.06896551724137931,0.1875,,0.21311475409836064,0.46153846153846156,0.46153846153846156,0.16666666666666666,0.22950819672131148,0.42857142857142855,0.42857142857142855,0.6666666666666666,0.19672131147540983,0.16666666666666666,0.16666666666666666,0.5,0.06557377049180328,0.5,0.5,1.0,0.29508196721311475,0.16666666666666666,0.16666666666666666,1.0,0.3,0.6666666666666666,0.5,0.1,,,0.2,0.5,1.0,0.21428571428571427,,0.07142857142857142,,0.35714285714285715,0.2,0.5737704918032787,0.16666666666666666,0.49920655737704916,0.542025,0.47759999999999997,0.1044776119402985,0.15555555555555556,0.22641509433962265,0.09433962264150944,9.225641025641027,24.69090909090909,0.2857142857142857,,0.3,0.3125,0.33007334963325186,2.0,,,,,,,,0.07692307692307693,,,,,1.0,1.0,,,,,,,1.0,,,,,,,2022
1631091,1611661322,Evina Westbrook,Evina Westbrook,1631091,WAS,12269.0,20,204,-2.0,413,409,147.0,132.0,40.0,822,7.0,9.0,,,3.0,3.0,6.0,17.0,2.0,7.0,3.0,4.0,,,,,2.0,16.0,,3.0,,5.0,15.0,33.0,5.0,20.0,11.0,56.0,427,,,,3.0,,,6.0,8.0,,5.0,9.0,21.0,22.0,8.0,15.0,,16.0,2.0,3.0,,11.0,12.0,23.0,10.0,2.0,7.0,3.0,1.0,58.0,,1.0,8.0,10.0,1.0,19.0,1.0,20.0,,8.0,5.0,3.0,11.0,1.0,7.0,4.0,1.0,4.0,,15.0,,5.0,7.0,18.0,,1.0,1.0,10.0,,2.0,15.0,1.0,,4.0,2.0,1.0,4.0,2.0,7.0,56.0,21.0,147.0,2.0,1.0,,,,,1.0,102.90556900726392,104.40097799511003,0.7333333333333333,0.7333333333333333,1.0,0.25,,,0.25,0.45454545454545453,,0.75,0.42452830188679247,,0.46153846153846156,0.4745762711864407,,0.5833333333333334,0.37735849056603776,,0.09090909090909091,0.2222222222222222,0.058823529411764705,,,16.157205240174672,0.7333333333333333,0.07142857142857142,0.09259259259259259,0.011363636363636364,0.10810810810810811,,0.0989010989010989,0.00625,,,,0.12903225806451613,0.08163265306122448,0.07142857142857142,0.14285714285714285,,,0.16981132075471697,0.7777777777777778,1.0,0.7142857142857143,0.32075471698113206,0.35294117647058826,0.375,0.8333333333333334,0.1320754716981132,0.2857142857142857,0.2857142857142857,0.5,0.07547169811320754,0.75,0.75,1.0,0.3018867924528302,0.125,0.125,1.0,,,,,,,1.0,,,0.23076923076923078,1.0,,,0.38461538461538464,,0.5471698113207547,0.125,0.4791377358490566,0.44925,0.43497307692307696,0.10344827586206896,0.1111111111111111,,0.375,8.539393939393939,24.26,0.5,0.36363636363636365,0.4,0.21428571428571427,0.3559322033898305,,,,1.0,4.0,,,0.05555555555555555,,0.5714285714285714,,,,3.0,2.0,0.09090909090909091,,,,1.0,1.0,,,,,,,,2022
1629492,1611661330,Beatrice Mompremier,Beatrice Mompremier,1629492,ATL,10513.0,21,175,-11.0,359,358,118.0,123.0,41.0,717,19.0,30.0,3.0,5.0,5.0,7.0,,11.0,1.0,3.0,,,,,,,,,,,,,20.0,44.0,,,5.0,45.0,360,3.0,6.0,,,,6.0,5.0,11.0,,,5.0,15.0,32.0,8.0,,,,,6.0,,4.0,4.0,8.0,4.0,,1.0,1.0,2.0,20.0,4.0,15.0,12.0,26.0,1.0,39.0,20.0,59.0,1.0,2.0,2.0,,4.0,1.0,2.0,11.0,2.0,2.0,1.0,15.0,3.0,2.0,10.0,28.0,1.0,3.0,4.0,14.0,2.0,1.0,13.0,1.0,,3.0,,4.0,11.0,3.0,12.0,39.0,15.0,118.0,1.0,4.0,,4.0,,,,97.21448467966574,100.55865921787709,0.8,0.8888888888888888,,,,,,0.45454545454545453,0.5,0.45454545454545453,0.45454545454545453,0.5,0.45454545454545453,0.45,0.42857142857142855,0.46875,,,0.13636363636363635,0.1,0.2727272727272727,,,16.00985221674877,0.26666666666666666,0.125,0.2653061224489796,0.12931034482758622,0.19047619047619047,0.08888888888888889,0.2360248447204969,0.11801242236024845,0.18421052631578946,0.043478260869565216,0.06060606060606061,0.2777777777777778,0.1935483870967742,0.3225806451612903,0.21568627450980393,0.08333333333333333,0.05555555555555555,0.6818181818181818,0.6333333333333333,0.7037037037037037,0.7894736842105263,0.25,,,,0.06818181818181818,0.3333333333333333,0.3333333333333333,1.0,,,,,,,,,0.8333333333333334,0.6,0.3333333333333333,,,,,,,0.6363636363636364,0.7142857142857143,,,,,0.6818181818181818,,0.5594704545454546,0.5201800000000001,0.5096363636363637,0.06521739130434782,0.06521739130434782,0.13333333333333333,0.3333333333333333,4.218181818181818,,0.36363636363636365,0.18181818181818182,,,0.3286908077994429,4.0,,,7.0,7.0,,,0.1875,0.16666666666666666,0.5833333333333334,,,,1.0,,,1.0,2.0,0.08333333333333333,1.0,1.0,,,,1.0,,,,2022
1631013,1611661319,Aisha Sheppard,Aisha Sheppard,1631013,LVA,10425.0,23,174,-40.0,357,361,120.0,128.0,39.0,718,,3.0,,,,2.0,,4.0,1.0,2.0,1.0,11.0,,3.0,,5.0,8.0,22.0,,2.0,1.0,6.0,1.0,9.0,9.0,33.0,6.0,35.0,409,,2.0,,5.0,,,,4.0,1.0,11.0,5.0,8.0,2.0,,27.0,,22.0,8.0,5.0,1.0,5.0,2.0,7.0,2.0,,2.0,2.0,1.0,16.0,6.0,,4.0,3.0,1.0,8.0,6.0,14.0,1.0,5.0,2.0,3.0,1.0,1.0,1.0,6.0,3.0,,,7.0,3.0,2.0,11.0,26.0,1.0,2.0,,14.0,,3.0,8.0,,,2.0,,2.0,1.0,,1.0,35.0,8.0,120.0,4.0,2.0,,,2.0,,4.0,103.36134453781513,113.29639889196676,1.0,1.0,1.0,0.2727272727272727,,0.09090909090909091,0.2727272727272727,0.1111111111111111,,,0.34523809523809523,,0.1,0.3804347826086957,,0.2222222222222222,0.7857142857142857,0.030303030303030304,0.5555555555555556,0.6666666666666666,0.5,0.5,,13.316582914572864,0.14285714285714285,0.09090909090909091,0.03225806451612903,,0.05555555555555555,0.06382978723404255,0.04242424242424243,0.03428571428571429,,,0.06756756756756757,0.038461538461538464,,0.05714285714285714,0.06349206349206349,,0.04,0.07142857142857142,,,,0.09523809523809523,,,,0.047619047619047616,0.5,1.0,1.0,0.2619047619047619,0.09090909090909091,0.1,1.0,0.5238095238095238,0.36363636363636365,0.36363636363636365,1.0,,,,0.42857142857142855,,,0.2857142857142857,,,0.13333333333333333,,0.3333333333333333,,0.4,0.16666666666666666,0.8571428571428571,0.36363636363636365,0.49223928571428577,0.5229666666666667,0.5136133333333334,0.045454545454545456,0.18181818181818182,,0.22857142857142856,7.7555555555555555,24.833333333333332,0.6666666666666666,0.25,,0.21739130434782608,0.33613445378151263,,1.0,1.0,1.0,1.0,2.0,,,0.05,1.0,,,,,,,,,,,,,,,,0.09090909090909091,,,2022
1630459,1611661313,DiDi Richards,DiDi Richards,1630459,NYL,9324.0,14,155,-16.0,309,313,78.0,78.0,27.0,622,5.0,17.0,1.0,1.0,,3.0,2.0,4.0,1.0,4.0,1.0,3.0,,,,,2.0,8.0,,1.0,1.0,2.0,8.0,25.0,3.0,11.0,7.0,32.0,320,1.0,1.0,,1.0,,2.0,2.0,5.0,1.0,2.0,4.0,11.0,14.0,2.0,9.0,,8.0,2.0,3.0,,11.0,9.0,20.0,5.0,4.0,5.0,4.0,2.0,49.0,2.0,3.0,8.0,11.0,,19.0,5.0,24.0,,1.0,1.0,,4.0,4.0,1.0,9.0,1.0,3.0,1.0,13.0,1.0,2.0,11.0,25.0,1.0,,2.0,17.0,1.0,4.0,10.0,,,5.0,,,5.0,2.0,5.0,30.0,11.0,78.0,,,,3.0,6.0,,3.0,98.38187702265373,102.23642172523962,0.875,0.875,1.0,0.2727272727272727,,0.5,0.2727272727272727,0.32,1.0,0.4,0.3472222222222222,0.5,0.5,0.3902439024390244,0.5,0.6111111111111112,0.3055555555555556,,0.12,0.058823529411764705,0.5,,,15.789473684210527,0.3076923076923077,,0.10377358490566038,0.03296703296703297,0.18181818181818182,0.03773584905660377,0.12666666666666668,0.034722222222222224,0.02564102564102564,,0.0425531914893617,0.06666666666666667,0.07692307692307693,0.22727272727272727,0.17142857142857143,0.2222222222222222,,0.4722222222222222,0.29411764705882354,0.3125,1.0,0.1111111111111111,0.5,1.0,0.5,0.1111111111111111,0.25,0.25,1.0,0.08333333333333333,0.3333333333333333,0.3333333333333333,1.0,0.2222222222222222,0.25,0.25,1.0,0.5,1.0,1.0,,,,0.5,,,0.42857142857142855,,,,0.2857142857142857,0.5,0.7777777777777778,0.25,0.5342699999999999,0.586,0.5109166666666667,0.12195121951219512,0.16666666666666666,0.0625,0.34375,5.216,25.154545454545453,0.08333333333333333,0.5,0.3333333333333333,0.14285714285714285,0.2524271844660194,,,,3.0,2.0,3.0,,0.08695652173913043,,0.4,,,,,,,,,,,,,,,,,,,2022
203824,1611661323,Odyssey Sims,Odyssey Sims,203824,CON,8724.0,7,145,2.0,295,299,71.0,85.0,51.0,594,9.0,15.0,1.0,2.0,2.0,4.0,2.0,14.0,2.0,9.0,,,,,,,4.0,15.0,,,1.0,5.0,13.0,38.0,4.0,15.0,10.0,48.0,303,1.0,3.0,,,,2.0,2.0,10.0,1.0,5.0,5.0,12.0,14.0,12.0,12.0,,15.0,4.0,3.0,,18.0,2.0,20.0,2.0,,11.0,3.0,4.0,42.0,2.0,,7.0,4.0,,11.0,2.0,13.0,,8.0,7.0,1.0,9.0,3.0,8.0,3.0,,1.0,,12.0,,5.0,9.0,11.0,,,,17.0,1.0,5.0,15.0,1.0,,5.0,,3.0,2.0,,2.0,46.0,12.0,71.0,,3.0,,,,,,103.38983050847457,101.33779264214046,0.5384615384615384,0.5384615384615384,1.0,0.26666666666666666,,0.2,0.26666666666666666,0.34210526315789475,0.3333333333333333,0.2,0.3584905660377358,0.3333333333333333,0.23333333333333334,0.4,0.3333333333333333,0.3157894736842105,0.2830188679245283,,0.07894736842105263,0.06666666666666667,0.14285714285714285,,,20.454545454545453,0.75,,0.05194805194805195,,0.1590909090909091,0.047619047619047616,0.09090909090909091,0.013605442176870748,,,0.05714285714285714,,0.07142857142857142,0.08,0.16666666666666666,0.14285714285714285,,0.2830188679245283,0.6,0.6428571428571429,0.6666666666666666,0.2641509433962264,0.14285714285714285,0.16666666666666666,,0.16981132075471697,0.2222222222222222,0.2222222222222222,0.5,,,,,0.2830188679245283,0.26666666666666666,0.26666666666666666,1.0,0.6666666666666666,0.5,,,,,,,,0.26666666666666666,0.5,,,0.3333333333333333,0.2,0.5660377358490566,0.26666666666666666,0.5056519230769231,0.5712666666666667,0.5092107142857143,0.08771929824561403,0.11904761904761904,0.041666666666666664,0.25,7.6421052631578945,26.04666666666667,0.16666666666666666,0.5454545454545454,0.2857142857142857,0.3333333333333333,0.24067796610169492,,,,2.0,2.0,,,,,1.0,,,,,,,,,,,,,,,,,,,2022
203389,1611661317,Yvonne Turner,Yvonne Turner,203389,PHO,8340.0,9,139,-29.0,276,274,81.0,71.0,38.0,550,4.0,14.0,1.0,1.0,2.0,5.0,1.0,7.0,4.0,9.0,2.0,4.0,1.0,1.0,,1.0,1.0,3.0,,1.0,,,9.0,30.0,3.0,7.0,9.0,36.0,283,1.0,1.0,1.0,2.0,,5.0,3.0,7.0,,1.0,1.0,7.0,10.0,8.0,9.0,,3.0,1.0,3.0,,14.0,4.0,18.0,2.0,2.0,10.0,4.0,,40.0,,3.0,5.0,6.0,,11.0,3.0,14.0,2.0,3.0,2.0,1.0,8.0,1.0,7.0,5.0,,1.0,3.0,13.0,,3.0,4.0,12.0,,,,9.0,,,11.0,1.0,,6.0,,,,,,31.0,7.0,81.0,,,,1.0,2.0,1.0,,92.02898550724639,103.2846715328467,0.5555555555555556,0.5555555555555556,1.0,0.42857142857142855,0.5,,0.42857142857142855,0.3,1.0,0.42857142857142855,0.36486486486486486,0.8333333333333334,0.375,0.42857142857142855,0.8333333333333334,0.3888888888888889,0.1891891891891892,,0.1,0.14285714285714285,0.14285714285714285,,,17.027863777089784,0.6153846153846154,,0.075,0.031578947368421054,0.12195121951219512,,0.09090909090909091,0.022222222222222223,0.04878048780487805,0.034482758620689655,,0.08695652173913043,0.037037037037037035,0.1,0.13333333333333333,0.09090909090909091,0.09090909090909091,0.3783783783783784,0.2857142857142857,0.3333333333333333,0.75,0.1891891891891892,0.14285714285714285,0.16666666666666666,,0.24324324324324326,0.4444444444444444,0.4444444444444444,0.5,0.10810810810810811,0.5,0.5,1.0,0.08108108108108109,0.3333333333333333,0.3333333333333333,1.0,0.3333333333333333,1.0,,0.3333333333333333,1.0,1.0,0.3333333333333333,,,0.625,0.4,0.125,,,,0.5675675675675675,0.3333333333333333,0.5025337837837838,0.4343,0.5174062500000001,0.14285714285714285,0.17142857142857143,0.1388888888888889,0.19444444444444445,7.750000000000001,23.24285714285714,0.4,0.16666666666666666,0.4,,0.29347826086956524,,1.0,,,,,,,,,,,,,,,,,,,,,,,,,,,2022
1628263,1611661324,Lindsay Allen,Lindsay Allen,1628263,MIN,8015.0,9,134,-13.0,256,261,66.0,70.0,29.0,517,5.0,8.0,,,2.0,3.0,5.0,11.0,2.0,5.0,1.0,3.0,,,,1.0,7.0,11.0,1.0,2.0,,1.0,12.0,24.0,8.0,14.0,12.0,60.0,280,1.0,1.0,1.0,2.0,,5.0,4.0,7.0,,2.0,6.0,14.0,12.0,12.0,6.0,18.0,11.0,7.0,2.0,,23.0,8.0,31.0,6.0,2.0,14.0,7.0,2.0,70.0,,,4.0,8.0,2.0,14.0,,14.0,,2.0,2.0,,5.0,1.0,5.0,2.0,,,,7.0,,1.0,5.0,11.0,,,1.0,11.0,,1.0,13.0,1.0,,4.0,,3.0,,,,55.0,11.0,62.0,1.0,1.0,,2.0,1.0,,,104.296875,107.27969348659005,0.5,0.5,0.25,0.5714285714285714,0.5,,0.5714285714285714,0.5,1.0,0.5714285714285714,0.631578947368421,0.8333333333333334,0.4444444444444444,0.6818181818181818,0.8333333333333334,0.5833333333333334,0.3684210526315789,,0.08333333333333333,,0.09090909090909091,0.2,,17.708333333333336,0.7142857142857143,0.25,0.1038961038961039,,0.10256410256410256,,0.10344827586206896,,,,,0.16666666666666666,0.1282051282051282,0.038461538461538464,0.08823529411764706,0.2,,0.21052631578947367,0.625,0.625,0.6,0.2894736842105263,0.45454545454545453,0.5,0.4,0.13157894736842105,0.4,0.5,0.5,0.07894736842105263,0.3333333333333333,0.3333333333333333,1.0,0.2894736842105263,0.6363636363636364,0.6363636363636364,0.14285714285714285,,,,,,,0.6666666666666666,0.5,1.0,0.3333333333333333,0.6666666666666666,0.1111111111111111,,0.1111111111111111,,0.5789473684210527,0.6363636363636364,0.4647592105263158,0.424875,0.4589333333333333,0.0975609756097561,0.14814814814814814,0.08333333333333333,0.23333333333333334,9.083333333333334,24.957142857142856,0.3333333333333333,0.16666666666666666,0.3333333333333333,0.3333333333333333,0.2578125,,,,,,1.0,,,,,,,,,,,,,,,,,,,,,,,2022
202641,1611661319,Sydney Colson,Sydney Colson,202641,LVA,7389.0,18,123,-67.0,248,248,50.0,82.0,25.0,496,1.0,7.0,,1.0,1.0,2.0,2.0,7.0,4.0,7.0,2.0,2.0,,,,,1.0,9.0,,,,1.0,7.0,21.0,3.0,11.0,5.0,28.0,278,,2.0,,,,,1.0,5.0,,1.0,2.0,4.0,4.0,10.0,9.0,,9.0,1.0,3.0,,9.0,9.0,18.0,6.0,3.0,5.0,3.0,1.0,45.0,3.0,,3.0,2.0,,5.0,3.0,8.0,,2.0,,2.0,2.0,2.0,2.0,5.0,1.0,,1.0,7.0,1.0,4.0,6.0,14.0,,2.0,,4.0,,,5.0,1.0,,2.0,,1.0,,,,28.0,4.0,50.0,3.0,1.0,,1.0,3.0,,,85.08064516129032,112.09677419354838,0.2857142857142857,0.2857142857142857,1.0,0.2727272727272727,,,0.2727272727272727,0.3333333333333333,,0.2,0.359375,,0.16666666666666666,0.4117647058823529,,0.2857142857142857,0.34375,,0.14285714285714285,0.14285714285714285,0.14285714285714285,0.14285714285714285,,14.8014440433213,0.2857142857142857,,0.028169014084507043,,0.05660377358490566,0.0375,0.04032258064516129,0.022388059701492536,,,0.028985507246376812,0.047619047619047616,,0.043478260869565216,0.04878048780487805,0.08333333333333333,,0.21875,0.14285714285714285,0.16666666666666666,,0.21875,0.2857142857142857,0.3333333333333333,,0.21875,0.5714285714285714,0.6666666666666666,0.5,0.0625,1.0,1.0,1.0,0.28125,0.1111111111111111,0.1111111111111111,1.0,0.5,,,,,,,,,0.3333333333333333,0.5,,,0.16666666666666666,,0.5625,0.1111111111111111,0.44770806451612905,,0.44912,0.06060606060606061,0.09090909090909091,,0.14285714285714285,9.82857142857143,25.536363636363635,0.3333333333333333,0.2,,0.2857142857142857,0.20161290322580644,,,,,,,,,0.09090909090909091,,,,,,,,,,,,,,,,,,,,2022
203829,1611661323,Bria Hartley,Bria Hartley,203829,CON,7389.0,13,123,-17.0,233,238,53.0,59.0,27.0,471,2.0,5.0,,,1.0,2.0,2.0,5.0,3.0,10.0,2.0,4.0,,,,,5.0,13.0,1.0,2.0,1.0,3.0,7.0,20.0,7.0,17.0,4.0,39.0,248,,,1.0,2.0,,3.0,1.0,5.0,1.0,3.0,1.0,6.0,10.0,4.0,15.0,6.0,12.0,5.0,1.0,,9.0,5.0,14.0,3.0,2.0,5.0,4.0,,33.0,1.0,,6.0,5.0,,11.0,1.0,12.0,,4.0,3.0,1.0,6.0,,6.0,4.0,1.0,,2.0,10.0,,2.0,4.0,7.0,,,,4.0,,,6.0,,,2.0,,1.0,,,,36.0,6.0,53.0,1.0,1.0,,,,,,99.14163090128756,104.2016806722689,0.7142857142857143,0.7142857142857143,0.7142857142857143,0.4117647058823529,0.5,0.3333333333333333,0.4375,0.35,,0.2,0.47297297297297297,0.75,0.3125,0.4875,0.75,0.3333333333333333,0.4594594594594595,,0.05,0.2,,,,18.939393939393938,0.6,,0.07692307692307693,,0.1276595744680851,0.029411764705882353,0.09821428571428571,0.009009009009009009,,,0.045454545454545456,,0.1,0.10526315789473684,0.1388888888888889,0.09090909090909091,,0.13513513513513514,0.4,0.5,0.5,0.13513513513513514,0.4,0.4,1.0,0.2702702702702703,0.3,0.3,0.6666666666666666,0.10810810810810811,0.5,0.5,1.0,0.35135135135135137,0.38461538461538464,0.38461538461538464,0.6,,,,,,,1.0,0.5,,0.25,0.5,,,0.375,0.3333333333333333,0.5945945945945946,0.4166666666666667,0.4901166666666666,,0.47158750000000005,0.05128205128205128,0.09090909090909091,0.07692307692307693,0.15384615384615385,10.684999999999999,25.15294117647059,0.3333333333333333,0.3333333333333333,0.14285714285714285,0.2222222222222222,0.22746781115879827,,,,,,,,,,,,1.0,,,,,,,,,,,,,,,,,2022
1630139,1611661313,Jocelyn Willoughby,Jocelyn Willoughby,1630139,NYL,7282.0,11,121,-60.0,242,241,47.0,44.0,22.0,483,8.0,14.0,,,2.0,3.0,,1.0,,,2.0,5.0,,,,,1.0,6.0,,,,1.0,8.0,15.0,3.0,11.0,4.0,29.0,251,,,,,,,2.0,3.0,,1.0,2.0,6.0,10.0,6.0,9.0,,6.0,1.0,4.0,,1.0,3.0,4.0,3.0,,1.0,,,11.0,1.0,1.0,4.0,10.0,2.0,16.0,2.0,18.0,,5.0,4.0,1.0,2.0,,1.0,7.0,2.0,1.0,,9.0,,2.0,4.0,8.0,,,4.0,7.0,,,8.0,2.0,,3.0,,2.0,2.0,,2.0,29.0,6.0,46.0,,2.0,,1.0,,,,78.92561983471074,104.149377593361,0.625,0.625,1.0,0.2727272727272727,,,0.2727272727272727,0.5333333333333333,,0.6666666666666666,0.4807692307692308,,0.5,0.5,,0.5,0.4230769230769231,,0.26666666666666666,0.2857142857142857,,,,14.074074074074073,0.2222222222222222,0.2,0.12345679012345678,0.013333333333333334,0.10526315789473684,0.023255813953488372,0.11764705882352941,0.01694915254237288,,0.03225806451612903,0.02702702702702703,0.05555555555555555,0.20689655172413793,0.125,0.10714285714285714,0.1,,0.5384615384615384,0.5714285714285714,0.8,0.625,0.038461538461538464,,,,,,,,0.19230769230769232,0.4,0.4,1.0,0.23076923076923078,0.16666666666666666,0.16666666666666666,1.0,,,,,,,,,,0.75,0.6666666666666666,,,0.25,,0.9615384615384616,0.16666666666666666,0.5714576923076924,,0.4624375,0.1111111111111111,0.1875,,0.20689655172413793,2.3866666666666663,24.072727272727274,0.5,,,,0.19421487603305784,,1.0,,2.0,,,,,,,,,,,,,,,,,,,,,,,,,2022
1631006,1611661319,Kierstan Bell,Kierstan Bell,1631006,LVA,7263.0,21,121,-60.0,247,248,39.0,83.0,27.0,495,3.0,5.0,1.0,2.0,,,3.0,5.0,1.0,1.0,2.0,6.0,,1.0,,,1.0,16.0,,1.0,,3.0,7.0,11.0,3.0,22.0,4.0,27.0,275,2.0,3.0,,2.0,,4.0,1.0,1.0,,3.0,,2.0,8.0,6.0,9.0,,16.0,1.0,,,4.0,3.0,7.0,2.0,1.0,2.0,2.0,,17.0,3.0,1.0,9.0,6.0,,15.0,4.0,19.0,1.0,2.0,2.0,,4.0,,3.0,1.0,,1.0,1.0,5.0,,1.0,9.0,10.0,,,,3.0,,,4.0,,,2.0,,,3.0,1.0,3.0,23.0,2.0,39.0,,,,,,,,87.04453441295546,110.88709677419355,0.5714285714285714,0.6666666666666666,1.0,0.13636363636363635,,,0.13636363636363635,0.6363636363636364,0.6666666666666666,1.0,0.3484848484848485,0.4,0.25,0.38571428571428573,0.4,0.25,0.6666666666666666,,,,,,,14.336917562724015,0.8,,0.10526315789473684,0.02040816326530612,0.15789473684210525,0.03296703296703297,0.13157894736842105,0.02857142857142857,,,0.02531645569620253,0.05263157894736842,0.09090909090909091,0.1875,0.14583333333333334,0.2222222222222222,0.043478260869565216,0.15151515151515152,0.6,0.6,0.3333333333333333,0.15151515151515152,0.6,0.6,0.6666666666666666,0.030303030303030304,1.0,1.0,1.0,0.18181818181818182,0.3333333333333333,0.3333333333333333,1.0,0.48484848484848486,0.0625,0.0625,1.0,0.4,0.5,,0.2,,,0.2,,,,,,,0.75,,0.8181818181818182,0.0625,0.5481984848484849,0.51915,0.5336875,0.05714285714285714,0.15384615384615385,0.14814814814814814,0.07407407407407407,6.5636363636363635,24.24090909090909,,,,0.3684210526315789,0.15789473684210525,2.0,,,2.0,2.0,,,0.08333333333333333,0.08333333333333333,0.6666666666666666,,,,,,,,,,,,,,,,,,,2022
1631068,1611661317,Sam Thomas,Sam Thomas,1631068,PHO,7080.0,24,118,-25.0,248,246,134.0,78.0,28.0,494,,,,,,,1.0,2.0,2.0,2.0,1.0,9.0,,,,5.0,,6.0,,1.0,,4.0,3.0,4.0,1.0,15.0,1.0,10.0,245,,,,1.0,,,3.0,4.0,,9.0,,6.0,6.0,,3.0,,6.0,,,,2.0,4.0,6.0,3.0,1.0,1.0,1.0,,16.0,1.0,1.0,1.0,2.0,,3.0,2.0,5.0,,6.0,3.0,3.0,4.0,,3.0,,,1.0,,4.0,,2.0,4.0,12.0,,2.0,,,,,1.0,,,,,1.0,2.0,1.0,2.0,10.0,6.0,134.0,1.0,,,,,,,88.70967741935483,99.59349593495935,1.0,1.0,1.0,0.06666666666666667,,,0.06666666666666667,0.75,,0.75,0.23684210526315788,,0.23076923076923078,0.25,,0.23076923076923078,0.7894736842105263,,,,,,,8.394160583941606,1.0,,0.03076923076923077,0.018867924528301886,0.03125,0.01818181818181818,0.030927835051546393,0.018518518518518517,0.043478260869565216,,0.023255813953488372,,0.03333333333333333,0.058823529411764705,0.037037037037037035,,,,,,,0.10526315789473684,0.5,0.5,1.0,0.10526315789473684,1.0,1.0,1.0,0.47368421052631576,0.1111111111111111,0.1111111111111111,1.0,0.3157894736842105,,,,,,,,,,1.0,,,,,0.38461538461538464,,0.3076923076923077,,0.7894736842105263,,0.5140789473684211,,0.49496153846153845,,,,0.6,14.925,23.973333333333336,,,,0.23076923076923078,0.5403225806451613,,,,,2.0,,,,,1.0,,,,,,,,,,,1.0,,,,,,,,2022
1629501,1611661325,Alanna Smith,Alanna Smith,1629501,IND,6932.0,9,116,-36.0,243,244,81.0,102.0,39.0,487,6.0,7.0,,,2.0,2.0,1.0,5.0,1.0,5.0,1.0,5.0,,,,1.0,5.0,20.0,1.0,2.0,,6.0,8.0,17.0,6.0,25.0,5.0,39.0,269,1.0,1.0,1.0,2.0,4.0,9.0,2.0,5.0,,7.0,2.0,6.0,14.0,2.0,18.0,,19.0,5.0,,,3.0,2.0,5.0,1.0,1.0,2.0,1.0,,12.0,,6.0,3.0,11.0,2.0,16.0,8.0,24.0,,8.0,7.0,1.0,4.0,2.0,2.0,4.0,,2.0,1.0,8.0,,1.0,8.0,17.0,,3.0,1.0,12.0,2.0,3.0,7.0,1.0,,3.0,,1.0,6.0,1.0,6.0,30.0,6.0,81.0,3.0,1.0,,5.0,1.0,8.0,2.0,95.88477366255144,110.24590163934427,0.875,1.0,1.0,0.24,0.5,,0.25,0.47058823529411764,1.0,0.4,0.40476190476190477,0.8333333333333334,0.16666666666666666,0.43333333333333335,0.9,0.23076923076923078,0.5952380952380952,,,,,,,18.33910034602076,0.5,0.4,0.16176470588235295,0.08571428571428572,0.14285714285714285,,0.15730337078651685,0.04838709677419355,0.11538461538461539,,,0.18518518518518517,0.21739130434782608,0.05555555555555555,0.17647058823529413,,,0.16666666666666666,0.8571428571428571,0.8571428571428571,1.0,0.11904761904761904,0.2,0.2,,0.11904761904761904,0.2,0.2,1.0,0.11904761904761904,0.2,0.2,1.0,0.47619047619047616,0.25,0.25,1.0,,,,,,,0.6666666666666666,0.5,1.0,0.16666666666666666,1.0,0.08333333333333333,,0.5,,0.7619047619047619,0.2631578947368421,0.5086829268292683,0.477675,0.4964454545454545,0.06818181818181818,0.15789473684210525,0.23076923076923078,0.15384615384615385,8.105882352941178,25.74,,,,0.2777777777777778,0.3333333333333333,2.0,,2.0,4.0,3.0,4.0,,0.125,,0.5,,1.0,,,,,2.0,,0.2222222222222222,,1.0,,4.0,,,,,,2022
1630136,1611661330,Megan Walker,Megan Walker,1630136,ATL,6911.0,12,115,29.0,239,237,63.0,78.0,28.0,476,2.0,4.0,,1.0,1.0,2.0,3.0,8.0,2.0,7.0,2.0,7.0,,1.0,,2.0,5.0,12.0,,,1.0,2.0,7.0,19.0,7.0,19.0,4.0,39.0,211,2.0,5.0,,1.0,,4.0,3.0,5.0,1.0,4.0,,9.0,4.0,10.0,21.0,,12.0,5.0,3.0,1.0,2.0,3.0,5.0,2.0,1.0,,1.0,1.0,13.0,1.0,2.0,2.0,3.0,1.0,6.0,3.0,9.0,1.0,3.0,,3.0,6.0,1.0,4.0,6.0,2.0,2.0,1.0,12.0,1.0,6.0,2.0,8.0,,1.0,1.0,4.0,,,6.0,,,3.0,,,,,,35.0,9.0,63.0,,,,1.0,1.0,,,100.418410041841,89.0295358649789,0.2857142857142857,0.2857142857142857,1.0,0.3684210526315789,,0.25,0.3684210526315789,0.3684210526315789,0.4,0.6,0.4605263157894737,0.3333333333333333,0.5,0.47560975609756095,0.3333333333333333,0.5,0.5,0.05263157894736842,0.15789473684210525,0.25,0.25,,,19.272727272727273,0.5,0.25,0.04054054054054054,0.029411764705882353,0.0425531914893617,0.02857142857142857,0.04132231404958678,0.02912621359223301,,0.03333333333333333,0.043478260869565216,0.03571428571428571,,0.08333333333333333,0.05,,0.05263157894736842,0.10526315789473684,0.5,0.6666666666666666,0.5,0.21052631578947367,0.375,0.5,,0.18421052631578946,0.2857142857142857,0.2857142857142857,0.5,0.18421052631578946,0.2857142857142857,0.3333333333333333,1.0,0.3157894736842105,0.4166666666666667,0.4166666666666667,1.0,0.16666666666666666,,,0.16666666666666666,,,,,,0.2222222222222222,0.5,0.2222222222222222,,0.2222222222222222,0.5,0.6052631578947368,0.4166666666666667,0.4948394736842105,0.44645833333333335,0.4642888888888889,0.07317073170731707,0.13636363636363635,0.10256410256410256,0.23076923076923078,10.215789473684211,24.16842105263158,0.5,0.6,0.4,0.18181818181818182,0.26359832635983266,,,,,,,,0.05555555555555555,,,,,,,,,,,,,,,,,,0.14285714285714285,,,2022
1631147,1611661320,Kianna Smith,Kianna Smith,1631147,LAS,6759.0,11,113,-61.0,225,224,84.0,80.0,25.0,449,4.0,5.0,,,2.0,2.0,1.0,6.0,1.0,6.0,1.0,6.0,,2.0,1.0,2.0,4.0,12.0,1.0,1.0,3.0,7.0,6.0,17.0,5.0,18.0,2.0,29.0,266,,2.0,1.0,3.0,,3.0,3.0,7.0,4.0,9.0,,18.0,2.0,10.0,6.0,9.0,12.0,4.0,,1.0,3.0,3.0,6.0,3.0,,3.0,,,15.0,2.0,3.0,1.0,3.0,,4.0,5.0,9.0,1.0,4.0,2.0,2.0,3.0,,2.0,1.0,,1.0,,4.0,,,6.0,11.0,,1.0,1.0,2.0,,1.0,2.0,,,1.0,,,,,,26.0,18.0,84.0,1.0,,,,,,,91.11111111111111,118.74999999999999,0.16666666666666666,0.16666666666666666,0.4,0.2777777777777778,0.3333333333333333,0.4444444444444444,0.2777777777777778,0.35294117647058826,,0.42857142857142855,0.38571428571428573,0.3,0.5625,0.4027777777777778,0.3,0.5625,0.5142857142857142,0.05555555555555555,,,,,,15.686274509803923,0.75,,0.05263157894736842,0.04285714285714286,0.02631578947368421,0.0425531914893617,0.042105263157894736,0.042735042735042736,,,0.03125,0.07407407407407407,0.05,,0.03225806451612903,,0.043478260869565216,0.14285714285714285,0.8,0.8,0.25,0.17142857142857143,0.16666666666666666,0.16666666666666666,,0.17142857142857143,0.16666666666666666,0.16666666666666666,,0.17142857142857143,0.16666666666666666,0.2,1.0,0.34285714285714286,0.3333333333333333,0.3333333333333333,0.25,,,,0.4,,,0.2,1.0,1.0,0.125,1.0,0.125,0.5,0.4375,0.42857142857142855,0.6571428571428571,0.3333333333333333,0.5231471428571428,0.4627125,0.5048375,0.027777777777777776,0.05555555555555555,0.10344827586206896,0.6206896551724138,10.276470588235293,24.266666666666666,,0.2,0.4,0.23076923076923078,0.37333333333333335,,,,,,,,0.125,0.06666666666666667,,,,,,,,,,,,,,,,,0.16666666666666666,,,2022
202662,1611661323,Jasmine Thomas,Jasmine Thomas,202662,CON,6550.0,5,109,34.0,221,222,69.0,55.0,38.0,443,2.0,11.0,,,1.0,3.0,,1.0,1.0,5.0,,1.0,,,,,5.0,12.0,2.0,2.0,1.0,5.0,3.0,17.0,5.0,13.0,12.0,33.0,203,,2.0,2.0,2.0,,6.0,1.0,5.0,1.0,5.0,6.0,11.0,,6.0,12.0,3.0,12.0,5.0,,,11.0,4.0,15.0,4.0,,6.0,1.0,4.0,34.0,,1.0,5.0,4.0,,9.0,2.0,11.0,1.0,3.0,1.0,2.0,4.0,2.0,4.0,3.0,,,1.0,7.0,,2.0,3.0,7.0,,,,9.0,,1.0,13.0,1.0,,6.0,,1.0,1.0,,1.0,27.0,11.0,68.0,,1.0,,5.0,,3.0,4.0,107.23981900452489,91.44144144144143,,,0.8,0.38461538461538464,1.0,0.2,0.38461538461538464,0.17647058823529413,,0.2,0.35,0.75,0.25,0.4583333333333333,0.75,0.4230769230769231,0.43333333333333335,,,,,,,16.10486891385768,0.5714285714285714,,0.07692307692307693,0.014285714285714285,0.1388888888888889,,0.10227272727272728,0.01,0.024390243902439025,,,0.05555555555555555,0.1111111111111111,0.0625,0.13793103448275862,0.14285714285714285,0.045454545454545456,0.36666666666666664,0.18181818181818182,0.18181818181818182,,0.03333333333333333,,,,0.16666666666666666,0.2,0.2,,0.03333333333333333,,,,0.4,0.4166666666666667,0.4166666666666667,0.8,,,,,,,0.5,1.0,1.0,0.3,0.3333333333333333,,,0.5,0.2,0.8,0.4166666666666667,0.5171066666666666,0.38205,0.46371,0.17142857142857143,0.2727272727272727,0.18181818181818182,0.3333333333333333,6.694117647058824,24.23846153846154,0.5555555555555556,1.0,0.25,0.25,0.31221719457013575,,,,1.0,,,,,,,,,,,,,1.0,,0.16666666666666666,,,,,,,,,,2022
1628304,1611661323,Yvonne Anderson,Yvonne Anderson,1628304,CON,6044.0,11,101,4.0,198,196,72.0,87.0,32.0,394,3.0,7.0,,,2.0,5.0,3.0,5.0,2.0,4.0,3.0,4.0,,,,,1.0,6.0,,,,3.0,8.0,16.0,4.0,10.0,7.0,35.0,204,,,,,,,4.0,8.0,,3.0,4.0,12.0,10.0,6.0,12.0,,6.0,1.0,1.0,,11.0,1.0,12.0,1.0,,6.0,3.0,2.0,25.0,1.0,2.0,3.0,3.0,,6.0,3.0,9.0,1.0,3.0,2.0,1.0,7.0,2.0,5.0,4.0,,2.0,,11.0,1.0,4.0,6.0,14.0,,1.0,1.0,10.0,,4.0,7.0,1.0,,2.0,,2.0,2.0,1.0,2.0,35.0,12.0,72.0,4.0,2.0,,,,,,105.05050505050505,104.08163265306122,0.625,0.625,1.0,0.4,,,0.4,0.5,,0.5,0.5384615384615384,,0.36363636363636365,0.603448275862069,,0.46153846153846156,0.38461538461538464,,0.0625,,0.2,,,16.877637130801688,0.6363636363636364,,0.075,0.031746031746031744,0.08333333333333333,0.045454545454545456,0.07894736842105263,0.03529411764705882,,0.03571428571428571,,0.25,,0.06666666666666667,0.03571428571428571,0.25,0.08333333333333333,0.2692307692307692,0.42857142857142855,0.42857142857142855,0.3333333333333333,0.19230769230769232,0.6,0.75,0.6666666666666666,0.15384615384615385,0.5,0.5,1.0,0.15384615384615385,0.75,0.75,1.0,0.23076923076923078,0.16666666666666666,0.16666666666666666,1.0,,,,,,,,,,0.45454545454545453,0.4,,,0.2727272727272727,,0.6538461538461539,0.16666666666666666,0.49156538461538457,,0.4880954545454545,0.07407407407407407,0.11764705882352941,,0.34285714285714286,7.375,25.32,0.5,1.0,,0.4,0.36363636363636365,,,1.0,1.0,2.0,,,0.06666666666666667,0.3333333333333333,1.0,,,,,,,,,,,,,,,,,,,2022
1631029,1611661321,Jasmine Dickey,Jasmine Dickey,1631029,DAL,5591.0,20,93,-51.0,180,188,60.0,72.0,19.0,368,4.0,12.0,,3.0,1.0,6.0,1.0,10.0,1.0,7.0,,1.0,,,,,1.0,3.0,,,,1.0,6.0,29.0,1.0,4.0,6.0,21.0,202,,4.0,,,3.0,3.0,1.0,12.0,,1.0,2.0,4.0,6.0,6.0,3.0,,3.0,1.0,5.0,,2.0,,2.0,,,1.0,1.0,,4.0,3.0,3.0,3.0,3.0,,6.0,6.0,12.0,,4.0,1.0,3.0,5.0,,3.0,,,2.0,,5.0,1.0,,6.0,9.0,,,,9.0,,1.0,9.0,1.0,,4.0,,1.0,1.0,,1.0,18.0,4.0,60.0,1.0,1.0,,,,,,83.88888888888889,107.4468085106383,0.5,0.5,1.0,0.25,,,0.25,0.20689655172413793,,0.08333333333333333,0.22727272727272727,,0.07692307692307693,0.28378378378378377,0.25,0.13333333333333333,0.12121212121212122,,0.1724137931034483,0.25,0.2,,,20.689655172413794,1.0,,0.057692307692307696,0.047619047619047616,0.07317073170731707,0.12,0.06451612903225806,0.06818181818181818,,0.10344827586206896,0.15,0.05,,0.16666666666666666,0.08571428571428572,,,0.36363636363636365,0.3333333333333333,0.4444444444444444,0.5,0.30303030303030304,0.1,0.125,,0.21212121212121213,0.14285714285714285,0.14285714285714285,1.0,0.030303030303030304,,,,0.09090909090909091,0.3333333333333333,0.3333333333333333,1.0,0.75,,,,,,,,,0.46153846153846156,0.16666666666666666,,,0.07692307692307693,,0.48484848484848486,0.3333333333333333,0.4754363636363636,0.4351666666666667,0.482,0.1111111111111111,0.125,0.14285714285714285,0.19047619047619047,8.73103448275862,24.225,0.25,,0.16666666666666666,,0.3333333333333333,,,,1.0,1.0,,,,,1.0,,,,,,,,,,,,,,,,,,,2022
1629483,1611661324,Napheesa Collier,Napheesa Collier,1629483,MIN,5442.0,4,91,-15.0,175,175,20.0,23.0,20.0,350,7.0,9.0,1.0,1.0,1.0,1.0,1.0,5.0,1.0,5.0,1.0,1.0,,,,,1.0,6.0,,,,3.0,9.0,19.0,2.0,7.0,5.0,29.0,191,2.0,2.0,,,1.0,5.0,1.0,2.0,,3.0,,2.0,16.0,2.0,6.0,,6.0,1.0,1.0,,2.0,2.0,4.0,1.0,1.0,,,2.0,10.0,,2.0,6.0,3.0,1.0,10.0,2.0,12.0,,2.0,2.0,,,1.0,,1.0,,,,1.0,,,3.0,9.0,,2.0,,8.0,,,7.0,1.0,,4.0,,,1.0,,1.0,24.0,2.0,20.0,,,,2.0,7.0,,,100.57142857142857,109.14285714285714,0.8888888888888888,0.8888888888888888,1.0,0.2857142857142857,,,0.2857142857142857,0.47368421052631576,1.0,0.5,0.46153846153846156,1.0,0.2,0.5,0.8333333333333334,0.2,0.2692307692307692,,0.05263157894736842,,0.2,,,15.075376884422111,,0.3333333333333333,0.06382978723404255,0.03773584905660377,0.1875,,0.11392405063291139,0.022988505747126436,0.06666666666666667,0.043478260869565216,,0.1,0.045454545454545456,0.06666666666666667,0.21428571428571427,,,0.34615384615384615,0.7777777777777778,0.7777777777777778,0.8571428571428571,0.19230769230769232,0.2,0.25,1.0,0.19230769230769232,0.2,0.2,1.0,0.038461538461538464,1.0,1.0,1.0,0.23076923076923078,0.16666666666666666,0.16666666666666666,1.0,0.5,1.0,,,,,,,,0.2,1.0,,,0.6,,0.6153846153846154,0.16666666666666666,0.5218615384615385,0.7501,0.46391,0.13793103448275862,0.18181818181818182,0.1724137931034483,0.06896551724137931,8.11578947368421,24.24285714285714,0.5,0.25,,0.4,0.11428571428571428,,,1.0,1.0,,,,,,,,,,,,,,,,,,,5.0,,,,,,2022
1631032,1611661313,Lorela Cubaj,Lorela Cubaj,1631032,NYL,5296.0,11,88,-48.0,170,168,52.0,44.0,20.0,338,2.0,5.0,,1.0,,2.0,,1.0,2.0,6.0,,,,,,,,,,,,,4.0,12.0,,,,8.0,186,1.0,4.0,,,,2.0,2.0,6.0,,,,4.0,6.0,2.0,,,,,2.0,,2.0,2.0,4.0,2.0,,1.0,1.0,,10.0,3.0,5.0,2.0,11.0,1.0,14.0,9.0,23.0,1.0,,,,3.0,,3.0,2.0,,,,5.0,,2.0,8.0,12.0,,1.0,2.0,3.0,2.0,,,,,,,,2.0,2.0,2.0,6.0,4.0,52.0,1.0,,,4.0,1.0,1.0,,81.17647058823529,110.71428571428572,0.75,0.75,,,,,,0.3333333333333333,0.25,0.3333333333333333,0.3333333333333333,0.25,0.3333333333333333,0.3333333333333333,0.25,0.3333333333333333,,,0.16666666666666666,0.4,,,,8.854166666666668,0.6,0.3333333333333333,0.1896551724137931,0.0847457627118644,0.10526315789473684,0.09090909090909091,0.16883116883116883,0.08695652173913043,0.1,0.08,0.125,0.09090909090909091,0.18181818181818182,0.35714285714285715,0.125,,0.16666666666666666,0.4166666666666667,0.4,0.6666666666666666,0.5,0.08333333333333333,,,,0.5,0.3333333333333333,0.3333333333333333,1.0,,,,,,,,,0.25,,,,,,,,,0.3333333333333333,,,,,,0.4166666666666667,,0.4570916666666667,0.3158,0.4039,,,0.25,0.5,11.366666666666667,,0.3333333333333333,,,,0.3058823529411765,,,,,1.0,1.0,,0.07142857142857142,,0.5,,,,,,,1.0,,1.0,,,,,,,,,,2022
1629574,1611661329,Li Yueru,Li Yueru,1629574,CHI,4933.0,16,82,-20.0,176,174,41.0,68.0,17.0,350,8.0,14.0,,1.0,1.0,2.0,,2.0,,2.0,,,,,,,,,,,,,8.0,18.0,,,12.0,28.0,167,,2.0,,,2.0,2.0,1.0,2.0,,,2.0,4.0,14.0,2.0,,,,,1.0,,1.0,1.0,2.0,,1.0,1.0,,,5.0,2.0,3.0,5.0,11.0,3.0,19.0,5.0,24.0,1.0,2.0,1.0,1.0,7.0,1.0,3.0,6.0,,4.0,1.0,13.0,3.0,2.0,2.0,9.0,,,2.0,11.0,1.0,,12.0,,,6.0,,,2.0,,2.0,26.0,4.0,41.0,1.0,,,3.0,,,,83.52272727272727,95.97701149425288,0.875,0.875,,,,,,0.4444444444444444,,0.5,0.4444444444444444,,0.5,0.5833333333333334,0.3333333333333333,0.6666666666666666,,,0.05555555555555555,0.07142857142857142,,,,19.17098445595855,0.5384615384615384,0.42857142857142855,0.19298245614035087,0.06382978723404255,0.18518518518518517,0.08333333333333333,0.19047619047619047,0.07042253521126761,,0.13636363636363635,0.1,0.23809523809523808,0.23076923076923078,,0.2,0.14285714285714285,0.1111111111111111,0.7777777777777778,0.5714285714285714,0.6153846153846154,0.875,0.1111111111111111,,,,0.1111111111111111,,,,,,,,,,,,0.5,,,,,,,,,1.0,0.5,,,,,0.7777777777777778,,0.5757611111111111,0.51565,0.52655,0.25,0.25,0.07142857142857142,0.14285714285714285,4.283333333333333,,0.16666666666666666,0.5,,,0.23295454545454544,,,,2.0,2.0,,,,,1.0,,,,,,,,2.0,,,,1.0,,,,,,,2022
1630454,1611661321,Charli Collier,Charli Collier,1630454,DAL,4707.0,17,78,-53.0,154,154,49.0,68.0,24.0,308,3.0,5.0,1.0,1.0,1.0,2.0,6.0,14.0,3.0,6.0,,,,,,,,2.0,,,,1.0,12.0,25.0,,2.0,10.0,34.0,176,4.0,5.0,,,2.0,10.0,3.0,8.0,,1.0,5.0,11.0,16.0,8.0,,,2.0,,3.0,,2.0,,2.0,,,,2.0,,4.0,1.0,3.0,,4.0,2.0,6.0,4.0,10.0,1.0,1.0,,1.0,2.0,2.0,2.0,8.0,1.0,,2.0,10.0,3.0,3.0,7.0,19.0,,2.0,2.0,9.0,1.0,,14.0,2.0,,5.0,,3.0,,,,24.0,11.0,49.0,4.0,2.0,,5.0,,4.0,,79.87012987012987,114.28571428571428,0.6666666666666666,0.7272727272727273,,,,,,0.48,0.8,0.375,0.4444444444444444,0.8,0.3333333333333333,0.5151515151515151,0.8333333333333334,0.4583333333333333,0.07407407407407407,,0.12,,0.21428571428571427,,,23.626373626373624,0.2,0.25,0.08333333333333333,0.06,,0.03333333333333333,0.05405405405405406,0.05,0.08333333333333333,0.047619047619047616,0.038461538461538464,0.1111111111111111,0.05263157894736842,0.09090909090909091,,,0.08333333333333333,0.18518518518518517,0.6,0.6,0.6666666666666666,0.5185185185185185,0.42857142857142855,0.5454545454545454,0.6666666666666666,0.2222222222222222,0.5,0.5,0.6666666666666666,,,,,0.07407407407407407,,,,0.2,1.0,,,,,,,,0.2222222222222222,0.5,,,0.1111111111111111,,0.25925925925925924,,0.45032222222222223,0.4602,0.4435222222222222,0.16666666666666666,0.17857142857142858,0.29411764705882354,0.3235294117647059,8.496,26.0,0.5,0.625,0.3333333333333333,0.5,0.3181818181818182,2.0,,,,,,,0.058823529411764705,,,,,,,,,,1.0,,,,,,,,,,,2022
1628268,1611661325,Alaina Coates,Alaina Coates,1628268,IND,4498.0,8,75,-48.0,149,154,54.0,53.0,30.0,303,4.0,7.0,,1.0,1.0,2.0,3.0,4.0,,,,,,,,,,,,,,,7.0,11.0,,,14.0,28.0,194,1.0,2.0,,,8.0,10.0,2.0,3.0,,,7.0,11.0,14.0,,,,,,1.0,,2.0,,2.0,,,2.0,,,4.0,3.0,3.0,1.0,5.0,4.0,10.0,6.0,16.0,,2.0,1.0,1.0,1.0,,1.0,4.0,,,1.0,5.0,2.0,2.0,11.0,18.0,,1.0,3.0,13.0,,,15.0,1.0,,5.0,,3.0,3.0,3.0,3.0,18.0,11.0,54.0,1.0,3.0,2.0,5.0,,2.0,2.0,97.98657718120805,125.97402597402598,1.0,1.0,,,,,,0.6363636363636364,0.5,0.6666666666666666,0.6363636363636364,0.5,0.6666666666666666,0.7777777777777778,0.8333333333333334,0.7857142857142857,,,0.09090909090909091,0.14285714285714285,,,,12.849162011173185,0.2,0.5,0.11627906976744186,0.058823529411764705,0.07692307692307693,0.10714285714285714,0.10714285714285714,0.0759493670886076,,0.1,0.13636363636363635,0.08333333333333333,0.17647058823529413,0.07142857142857142,0.1,,,0.6363636363636364,0.5714285714285714,0.6666666666666666,1.0,0.36363636363636365,0.75,0.75,1.0,,,,,,,,,,,,,0.5,,,,,,,,,0.6666666666666666,0.5,,,,,0.6363636363636364,,0.5439363636363637,0.4632,0.6200333333333333,0.3333333333333333,0.3333333333333333,0.35714285714285715,0.39285714285714285,3.4909090909090907,,,,,,0.3624161073825503,,,,,3.0,5.0,,0.09090909090909091,,1.0,,,,,,,,,,,,,,,,,,,2022
1629485,1611661317,Kristine Anigwe,Kristine Anigwe,1629485,PHO,3927.0,10,65,-35.0,136,136,54.0,43.0,13.0,272,4.0,6.0,1.0,1.0,1.0,2.0,1.0,4.0,,,,,,,,,,,,,,,5.0,10.0,,,5.0,15.0,163,1.0,1.0,,,4.0,6.0,1.0,4.0,,,2.0,4.0,8.0,2.0,,,,,3.0,,2.0,,2.0,,,,1.0,1.0,4.0,3.0,2.0,4.0,4.0,,8.0,5.0,13.0,,1.0,1.0,,4.0,,2.0,2.0,,2.0,,6.0,1.0,2.0,5.0,12.0,,1.0,1.0,5.0,2.0,,10.0,,,3.0,,2.0,1.0,,2.0,9.0,4.0,54.0,3.0,1.0,,1.0,1.0,,,94.11764705882352,119.85294117647058,0.8,1.0,,,,,,0.5,1.0,0.25,0.5,1.0,0.25,0.5,0.75,0.2857142857142857,,,0.3,0.3333333333333333,0.25,,,14.0,0.6666666666666666,,0.12121212121212122,0.05714285714285714,0.16666666666666666,0.11538461538461539,0.14035087719298245,0.08196721311475409,,0.07692307692307693,0.13636363636363635,,0.11764705882352941,0.2857142857142857,0.16666666666666666,0.16666666666666666,,0.6,0.6666666666666666,1.0,0.75,0.4,0.25,0.3333333333333333,1.0,,,,,,,,,,,,,1.0,1.0,,,,,,,,0.5,0.5,,,,,0.6,,0.48316,0.5654,0.4928,0.23076923076923078,0.23076923076923078,0.4,0.26666666666666666,4.88,,,,,,0.39705882352941174,2.0,1.0,,1.0,1.0,,,0.1111111111111111,,0.5,,,,1.0,,,,,,1.0,,,,,,,,,2022
1631062,1611661325,Khayla Pointer,Khayla Pointer,1631062,IND,3469.0,10,58,-4.0,107,112,42.0,34.0,17.0,219,1.0,2.0,,,,1.0,4.0,5.0,1.0,1.0,,,,,,,1.0,4.0,,,,2.0,6.0,8.0,1.0,4.0,7.0,22.0,102,,,,,2.0,2.0,3.0,4.0,,2.0,5.0,11.0,2.0,10.0,3.0,,3.0,1.0,1.0,,1.0,1.0,2.0,1.0,,1.0,,,5.0,1.0,,4.0,3.0,,7.0,1.0,8.0,,2.0,2.0,,6.0,1.0,4.0,3.0,,2.0,1.0,9.0,,4.0,2.0,2.0,,,,7.0,,,14.0,,,5.0,,2.0,,,,20.0,11.0,42.0,,2.0,,,,,,91.58878504672897,91.07142857142857,0.16666666666666666,0.16666666666666666,1.0,0.25,,,0.3333333333333333,0.75,,0.75,0.625,,0.5,0.5789473684210527,1.0,0.5,0.3333333333333333,,0.125,0.5,,,,22.04724409448819,0.6666666666666666,,0.125,,0.14285714285714285,0.07142857142857142,0.1346153846153846,0.020833333333333332,,,0.09090909090909091,0.16666666666666666,0.07142857142857142,0.25,0.08695652173913043,0.4,,0.16666666666666666,0.5,1.0,,0.4166666666666667,0.8,0.8,0.25,0.08333333333333333,1.0,1.0,,,,,,0.3333333333333333,0.25,0.25,1.0,,,,,,,,,,0.16666666666666666,,,,0.3333333333333333,,0.5,0.3333333333333333,0.4658409090909091,,0.4882916666666666,0.29411764705882354,0.38461538461538464,0.09090909090909091,0.5,8.125,30.85,1.0,1.0,,,0.3925233644859813,,,,,,,,,,,,1.0,,,,,,,,,,,,,,,,,2022
1628273,1611661317,Kaela Davis,Kaela Davis,1628273,PHO,3286.0,7,55,6.0,110,110,31.0,43.0,11.0,220,2.0,3.0,,,,,6.0,11.0,1.0,1.0,2.0,2.0,,,1.0,1.0,2.0,4.0,,,1.0,1.0,9.0,15.0,4.0,6.0,4.0,34.0,121,1.0,1.0,,,,2.0,3.0,4.0,2.0,2.0,1.0,13.0,6.0,12.0,12.0,,4.0,2.0,4.0,,1.0,,1.0,,,1.0,,,2.0,,3.0,4.0,1.0,1.0,6.0,3.0,9.0,,2.0,2.0,,4.0,,2.0,2.0,,2.0,1.0,6.0,,2.0,5.0,9.0,1.0,,,6.0,,1.0,5.0,1.0,,2.0,,1.0,,,,32.0,13.0,31.0,1.0,1.0,,5.0,2.0,4.0,,115.45454545454544,109.99999999999999,0.3333333333333333,0.3333333333333333,1.0,0.6666666666666666,,1.0,0.6666666666666666,0.6,1.0,0.75,0.7142857142857143,1.0,1.0,0.7391304347826086,1.0,0.9285714285714286,0.2857142857142857,,0.26666666666666666,0.3333333333333333,0.2727272727272727,,,24.166666666666668,0.6666666666666666,0.3333333333333333,0.03225806451612903,0.1111111111111111,0.23529411764705882,,0.10416666666666667,0.07894736842105263,,0.18181818181818182,,,0.058823529411764705,,0.15384615384615385,0.5,,0.14285714285714285,0.6666666666666666,1.0,0.5,0.5238095238095238,0.5454545454545454,0.75,0.3333333333333333,0.047619047619047616,1.0,1.0,,0.09523809523809523,1.0,1.0,1.0,0.19047619047619047,0.5,0.5,1.0,,,,,,,,,,,,0.16666666666666666,1.0,0.16666666666666666,1.0,0.42857142857142855,0.5,0.4636690476190476,0.419,0.42919999999999997,0.09090909090909091,0.125,0.058823529411764705,0.38235294117647056,7.426666666666667,23.349999999999998,,0.4,,,0.2818181818181818,,,,,,,,0.14285714285714285,,,,,,,,,,,,,,,,,,,,,2022
1628920,1611661328,Mercedes Russell,Mercedes Russell,1628920,SEA,3221.0,5,54,-44.0,106,109,28.0,36.0,8.0,215,3.0,7.0,1.0,1.0,1.0,3.0,1.0,1.0,,,,,,,,,,,,,,,4.0,8.0,,,2.0,10.0,115,1.0,1.0,,,,2.0,1.0,3.0,,,,2.0,4.0,4.0,,,,,1.0,,1.0,,1.0,,,,1.0,,2.0,,2.0,1.0,4.0,2.0,7.0,2.0,9.0,1.0,,,,5.0,,4.0,2.0,,1.0,,7.0,1.0,2.0,2.0,7.0,,1.0,1.0,3.0,,,3.0,1.0,,2.0,,,,,,8.0,2.0,28.0,1.0,,,1.0,5.0,,,66.98113207547169,105.50458715596329,0.5,0.6666666666666666,,,,,,0.5,1.0,0.3333333333333333,0.5,1.0,0.3333333333333333,0.5555555555555556,1.0,0.3333333333333333,,,0.125,0.14285714285714285,,,,14.035087719298247,0.7142857142857143,0.6666666666666666,0.14285714285714285,0.06666666666666667,0.06666666666666667,,0.11627906976744186,0.04081632653061224,0.25,,,,0.21428571428571427,0.1111111111111111,0.07142857142857142,,0.3333333333333333,0.875,0.42857142857142855,0.5,0.6666666666666666,0.125,1.0,1.0,,,,,,,,,,,,,,1.0,1.0,,,,,,,,1.0,0.3333333333333333,,,,,0.875,,0.5842125,0.4803,0.5531,0.2222222222222222,0.2222222222222222,0.2,0.2,2.6875,,0.75,,,,0.2641509433962264,2.0,,,,,,,,,,,,,,,,,1.0,,,,,3.0,,,,,,2022
1630119,1611661322,Jazmine Jones,Jazmine Jones,1630119,WAS,2800.0,8,47,-35.0,102,100,47.0,38.0,12.0,202,,1.0,,,,,2.0,4.0,,,,1.0,,,,,,2.0,,,,1.0,2.0,5.0,,3.0,2.0,6.0,123,,2.0,,,,,,1.0,,1.0,1.0,1.0,,4.0,,,2.0,,,,,1.0,1.0,,1.0,,,,3.0,,,1.0,,1.0,2.0,,2.0,,2.0,2.0,,1.0,1.0,,2.0,,1.0,,3.0,,1.0,3.0,5.0,,,,2.0,,,5.0,,,1.0,1.0,,,,,6.0,1.0,47.0,,,,,,,,86.27450980392156,123.0,,,,,,,,0.4,,,0.25,,,0.3,,0.16666666666666666,0.375,,,,,,,11.111111111111112,0.3333333333333333,0.14285714285714285,,,0.14285714285714285,,0.03225806451612903,,,,,,,,0.16666666666666666,,,0.125,,,,0.5,0.5,0.5,,,,,,0.125,,,,0.25,,,,,,,,,,,,,,,,,0.5,,0.5,,0.4903,0.4155,0.467125,0.2,0.16666666666666666,,0.16666666666666666,8.86,24.5,,0.5,,0.3333333333333333,0.46078431372549017,,,,,,,,,,,,,,,,0.25,,,,,,,,,,,,,2022
1630993,1611661329,Anneli Maley,Anneli Maley,1630993,CHI,2667.0,4,44,10.0,85,85,17.0,29.0,5.0,170,,1.0,,,,,1.0,1.0,,1.0,2.0,3.0,1.0,1.0,,,,,,,,,1.0,3.0,2.0,3.0,,8.0,77,,,1.0,1.0,,3.0,,,,,,,2.0,,6.0,,,,,,3.0,,3.0,,,1.0,1.0,1.0,6.0,2.0,1.0,1.0,3.0,,4.0,3.0,7.0,,3.0,3.0,,1.0,,1.0,,,,,1.0,,,3.0,6.0,,,,3.0,,2.0,,,,,,,1.0,1.0,1.0,5.0,,17.0,,,,,,,,102.3529411764706,90.58823529411765,1.0,1.0,1.0,0.6666666666666666,1.0,,0.6666666666666666,0.3333333333333333,,,0.6666666666666666,1.5,,0.6666666666666666,1.5,,0.5,,,,,,,7.692307692307692,1.0,,0.13043478260869565,0.05263157894736842,0.08333333333333333,0.16666666666666666,0.11428571428571428,0.0967741935483871,,,0.1,0.1,0.14285714285714285,0.16666666666666666,0.1111111111111111,,,0.16666666666666666,,,,0.16666666666666666,1.0,1.0,1.0,0.16666666666666666,,,,0.5,0.6666666666666666,0.6666666666666666,1.0,,,,,,,,1.0,1.0,1.0,,,,,,,,,,0.6666666666666666,,0.5603,0.63015,,,,0.375,,10.733333333333334,23.099999999999998,,,1.0,,0.2,,,,,1.0,,,0.16666666666666666,0.5,1.0,,,,,,,,,,,,,,,,,,,2022
1630996,1611661320,Rae Burrell,Rae Burrell,1630996,LAS,2610.0,3,44,-5.0,92,93,32.0,22.0,10.0,185,,1.0,,,,,,1.0,,1.0,,2.0,,1.0,,,1.0,4.0,,,1.0,2.0,,3.0,1.0,6.0,2.0,5.0,86,,,,1.0,,,,,1.0,2.0,2.0,5.0,,,3.0,,4.0,1.0,,,,1.0,1.0,1.0,,,,,3.0,,1.0,,1.0,1.0,2.0,1.0,3.0,,2.0,2.0,,,1.0,,1.0,,,,1.0,,,3.0,4.0,,,,2.0,,,2.0,,,,,1.0,,,,5.0,5.0,30.0,,1.0,,,1.0,,,88.04347826086956,92.47311827956989,,,1.0,0.16666666666666666,,0.5,0.16666666666666666,,,,0.16666666666666666,,0.75,0.25,,0.8333333333333334,0.6666666666666666,,,,,,,10.891089108910892,,0.5,0.029411764705882353,0.043478260869565216,,,0.02040816326530612,0.02631578947368421,,,,,,0.08333333333333333,,,,0.1111111111111111,,,,0.1111111111111111,,,,0.1111111111111111,,,,0.2222222222222222,,,,0.4444444444444444,0.25,0.25,1.0,,,,1.0,,,,,,,,,,1.0,0.5,0.7777777777777778,0.25,0.5389833333333334,0.5001,0.541275,,,,1.0,8.200000000000001,24.166666666666668,1.0,,,,0.34782608695652173,,,,,,,,0.125,,,,,,,,,,,,,,,,,,,,,2022
1630452,1611661325,Rennia Davis,Rennia Davis,1630452,IND,2584.0,8,43,-5.0,83,86,28.0,32.0,14.0,169,3.0,3.0,1.0,1.0,1.0,1.0,1.0,5.0,1.0,3.0,,,,,,,,2.0,,,,1.0,5.0,11.0,,2.0,,10.0,98,3.0,5.0,,,,6.0,3.0,4.0,,1.0,,6.0,8.0,2.0,,,2.0,,1.0,,,1.0,1.0,1.0,,,,,3.0,1.0,2.0,2.0,2.0,1.0,5.0,3.0,8.0,1.0,2.0,2.0,,3.0,,3.0,,,,,3.0,1.0,2.0,,3.0,,,,1.0,,,,,,,,,,,,4.0,6.0,28.0,,,,,,,,112.04819277108435,113.95348837209302,0.8,0.8,,,,,,0.45454545454545453,0.6,0.75,0.38461538461538464,0.6,0.6,0.38461538461538464,0.6,0.6,0.15384615384615385,,0.09090909090909091,,0.2,,,16.0,1.0,1.0,0.14285714285714285,0.08333333333333333,0.11764705882352941,0.08333333333333333,0.12903225806451613,0.08333333333333333,,0.2222222222222222,0.1111111111111111,0.14285714285714285,,0.3333333333333333,0.14285714285714285,,0.14285714285714285,0.23076923076923078,1.0,1.0,1.0,0.38461538461538464,0.2,0.25,,0.23076923076923078,0.3333333333333333,0.3333333333333333,1.0,,,,,0.15384615384615385,,,,0.2,1.0,1.0,,,,,,,0.2,1.0,,,0.2,,0.38461538461538464,,0.4197,0.3841,0.42108999999999996,,,0.6,0.6,9.254545454545454,26.05,,0.75,,0.5,0.3373493975903614,,,,,,,,,,,,,,,,,,,,,,,,,,,,,2022
1630435,1611661330,Destiny Slocum,Destiny Slocum,1630435,ATL,2457.0,3,41,8.0,87,85,36.0,27.0,15.0,172,1.0,1.0,,,1.0,1.0,,,,1.0,2.0,6.0,,1.0,1.0,1.0,1.0,3.0,,1.0,1.0,1.0,1.0,2.0,3.0,9.0,3.0,14.0,92,,,,2.0,,,1.0,2.0,2.0,2.0,3.0,11.0,,2.0,6.0,3.0,3.0,1.0,,,2.0,2.0,4.0,1.0,1.0,1.0,1.0,,10.0,,,2.0,2.0,,4.0,,4.0,,,,,2.0,,2.0,3.0,1.0,,,5.0,1.0,1.0,2.0,4.0,,,2.0,5.0,,,5.0,1.0,,2.0,,1.0,,,,14.0,11.0,36.0,,1.0,,,4.0,,,114.94252873563218,108.23529411764706,,,0.6666666666666666,0.3333333333333333,,1.0,0.3333333333333333,0.5,,0.5,0.5,,1.0,0.5384615384615384,,0.9166666666666666,0.8181818181818182,,,,,,,17.142857142857142,0.4,,0.08333333333333333,,0.18181818181818182,,0.11428571428571428,,,,,,0.125,0.2,0.2222222222222222,,,0.09090909090909091,1.0,1.0,,,,,,0.09090909090909091,,,,0.5454545454545454,0.3333333333333333,0.3333333333333333,1.0,0.2727272727272727,0.3333333333333333,0.3333333333333333,,,,,0.5,,,0.5,,,0.25,1.0,0.25,1.0,0.25,1.0,0.9090909090909091,0.3333333333333333,0.5512636363636364,0.40485,0.54405,0.16666666666666666,0.6666666666666666,,0.7857142857142857,8.9,23.822222222222223,,,,0.6666666666666666,0.41379310344827586,,,,,,,,,,,,,,,,,,,,,,,,,,,,,2022
1630154,1611661324,Kamiah Smalls,Kamiah Smalls,1630154,MIN,2034.0,3,34,-12.0,68,69,24.0,19.0,4.0,137,1.0,1.0,,,1.0,1.0,,1.0,1.0,2.0,,,,,,,,4.0,,,,2.0,2.0,4.0,,4.0,,4.0,72,,,,,,,2.0,3.0,,2.0,,4.0,2.0,2.0,,,4.0,,,,4.0,2.0,6.0,1.0,1.0,3.0,1.0,,14.0,,,4.0,1.0,,5.0,,5.0,,4.0,3.0,1.0,4.0,,3.0,,,1.0,,4.0,,1.0,3.0,6.0,,,,1.0,,,,,,,,,,,,4.0,4.0,24.0,1.0,,,,,10.0,,88.23529411764706,104.34782608695653,0.5,0.5,,,,,,0.5,,0.6666666666666666,0.25,,0.4,0.25,,0.4,0.5,,,,,,,16.438356164383563,1.0,,0.05555555555555555,,0.25,,0.14705882352941177,,,,,,0.125,,0.25,0.25,,0.125,1.0,1.0,1.0,0.125,,,,0.25,0.5,0.5,,,,,,0.5,,,,,,,,,,,,,0.2,1.0,,,0.4,,0.625,,0.491475,,0.50488,,,,1.0,11.0,23.9,,,,0.25,0.35294117647058826,,,,,,2.0,,,,,,,,,,,,,,,,,1.0,,,,,,2022
1631056,1611661320,Amy Atwell,Amy Atwell,1631056,LAS,1893.0,4,32,-9.0,63,59,20.0,9.0,9.0,122,,,,,,,,1.0,,2.0,,1.0,,,,,1.0,5.0,,,,2.0,,3.0,1.0,6.0,,3.0,71,,,,,,,,,,2.0,,,,,3.0,,5.0,1.0,1.0,,1.0,1.0,2.0,1.0,,,1.0,,5.0,,1.0,1.0,,,1.0,1.0,2.0,,,,,2.0,,1.0,,,1.0,,2.0,,1.0,,1.0,,,,2.0,,,,,,,,,,,,3.0,,20.0,,,,,,,,98.41269841269842,120.33898305084746,,,1.0,0.16666666666666666,,,0.16666666666666666,,,,0.16666666666666666,,,0.16666666666666666,,,0.6666666666666666,,0.3333333333333333,,1.0,,,15.277777777777779,1.0,,,0.07142857142857142,0.0625,,0.03225806451612903,0.04,,,,,,,0.07692307692307693,,,,,,,0.1111111111111111,,,,0.2222222222222222,,,,0.1111111111111111,,,,0.5555555555555556,0.2,0.2,1.0,,,,,,,,,,,,,,1.0,,0.6666666666666666,0.2,0.5020388888888889,,0.48165,,,,,10.966666666666667,25.2,,1.0,1.0,0.4,0.31746031746031744,,,,,,,,0.14285714285714285,,,,,,,,,,,,,,1.0,,,,,,,2022
1630461,1611661323,Kiana Williams,Kiana Williams,1630461,CON,1760.0,4,29,13.0,58,56,8.0,22.0,7.0,114,,1.0,,,,,1.0,2.0,,1.0,1.0,2.0,,,,,,2.0,,,,,1.0,4.0,1.0,4.0,,5.0,44,,,,,,,,,,,,,,2.0,3.0,,2.0,,,,3.0,2.0,5.0,2.0,,1.0,2.0,,12.0,,,1.0,1.0,,2.0,,2.0,,,,,1.0,1.0,,1.0,,1.0,,2.0,,,,1.0,,,,,,,,,,,,,,,,5.0,,8.0,,,,,,,,98.27586206896552,78.57142857142857,,,1.0,0.25,,,0.25,0.25,,,0.3125,,,0.3125,,,0.5,,,,,,,15.15151515151515,0.5,,0.06666666666666667,,0.08333333333333333,,0.07407407407407407,,,,,,,0.2,,0.3333333333333333,,0.125,,,,0.25,0.5,0.5,,0.125,,,,0.25,0.5,0.5,1.0,0.25,,,,,,,,,,,,,,,,,,,0.625,,0.5023625,,,,,,,10.3,24.5,,,,0.6666666666666666,0.13793103448275862,,,,,,,,,,,,,,,,,,,,,,,,,,,,,2022
1631081,1611661322,Katie Benzan,Katie Benzan,1631081,WAS,1610.0,3,27,-2.0,55,57,21.0,9.0,6.0,112,,,,,,,,2.0,,,2.0,2.0,,,1.0,1.0,3.0,5.0,,,,1.0,,2.0,5.0,7.0,3.0,18.0,55,,,,,2.0,2.0,,2.0,1.0,2.0,3.0,6.0,,,12.0,3.0,4.0,3.0,,,1.0,,1.0,,,1.0,,,2.0,1.0,,,1.0,,1.0,1.0,2.0,,,,,1.0,,,1.0,,1.0,,2.0,1.0,1.0,6.0,7.0,,,,4.0,,,4.0,,,,,2.0,1.0,1.0,1.0,16.0,6.0,21.0,,2.0,,2.0,,1.0,,96.36363636363636,96.49122807017545,,,0.8,0.7142857142857143,,0.5,0.8333333333333334,,,,0.8333333333333334,,0.375,0.8181818181818182,1.0,0.5,0.7777777777777778,,,,,,,20.3125,0.5,,0.07692307692307693,,,0.125,0.043478260869565216,0.038461538461538464,,,0.14285714285714285,,,0.25,,,,,,,,0.2222222222222222,,,,,,,,0.2222222222222222,1.0,1.0,1.0,0.5555555555555556,0.6,0.6,0.6666666666666666,,,,,,,,,,,,0.25,1.0,0.25,,0.7777777777777778,0.75,0.4645,,0.37461666666666665,,,0.1111111111111111,0.3333333333333333,7.35,28.357142857142858,,,,,0.38181818181818183,,,1.0,,,,,,,,,1.0,,,,,,,,,,,,,,,,,2022
1630120,1611661323,Stephanie Jones,Stephanie Jones,1630120,CON,1595.0,5,27,-2.0,57,58,15.0,21.0,5.0,115,1.0,3.0,,1.0,,1.0,,2.0,1.0,1.0,,,,,,,1.0,2.0,,,,1.0,2.0,6.0,1.0,2.0,2.0,9.0,58,,2.0,,,,,1.0,3.0,,1.0,2.0,4.0,4.0,,3.0,,2.0,1.0,2.0,1.0,1.0,1.0,2.0,1.0,,1.0,,,5.0,,1.0,1.0,,,1.0,1.0,2.0,,1.0,1.0,,,,,,,,,,,,3.0,5.0,,1.0,,5.0,3.0,1.0,2.0,,,,,1.0,,,,9.0,4.0,15.0,,1.0,2.0,3.0,,,,98.24561403508773,100.0,1.0,1.0,1.0,0.5,,,0.5,0.3333333333333333,,0.3333333333333333,0.4375,,0.25,0.5,,0.4,0.25,0.5,0.3333333333333333,0.6666666666666666,,,0.5,14.0625,,,,0.058823529411764705,0.1111111111111111,,0.034482758620689655,0.04,0.16666666666666666,,,,,,0.125,,,0.375,0.3333333333333333,1.0,1.0,0.25,,,,0.125,1.0,1.0,1.0,,,,,0.25,0.5,1.0,1.0,0.5,,,,,,,,,0.25,,,,0.25,,0.625,0.5,0.43770625,0.38845,0.3692,,,,0.4444444444444444,6.733333333333333,25.2,0.5,,,,0.2631578947368421,,,,,,,,,,,,,,,,,,,,,,,,,,,,,2022
1630479,1611661329,Sparkle Taylor,Sparkle Taylor,1630479,CHI,1472.0,2,25,-1.0,47,49,15.0,21.0,4.0,96,1.0,1.0,,,,,1.0,1.0,3.0,3.0,,1.0,,1.0,,,,,,,,,5.0,5.0,,1.0,1.0,11.0,55,,,,1.0,,,2.0,2.0,,,,4.0,4.0,6.0,,,,,,,,,,,,,,,,,,1.0,1.0,,2.0,,2.0,,,,,1.0,,1.0,,,,,1.0,,1.0,3.0,3.0,,,,1.0,,,1.0,1.0,,1.0,,,,,,11.0,4.0,15.0,,,,,,,,114.8936170212766,112.24489795918367,0.4,0.4,,,,,,1.0,,1.0,0.8333333333333334,,1.0,0.9166666666666666,,1.0,0.16666666666666666,,,,,,,12.962962962962962,1.0,,0.1111111111111111,,0.1111111111111111,,0.1111111111111111,,,,,0.2,,,0.16666666666666666,,,0.16666666666666666,1.0,1.0,,0.16666666666666666,1.0,1.0,,0.5,1.0,1.0,0.6666666666666666,0.16666666666666666,,,,,,,,,,,1.0,,,,,,,,,,,,0.3333333333333333,,0.4525416666666667,,0.35565,0.16666666666666666,0.2,,0.36363636363636365,12.76,23.2,,,,1.0,0.3191489361702128,,,,,,,,,,,,,,,,,,,,,,,,,,,,,2022
201881,1611661324,Angel McCoughtry,Angel McCoughtry,201881,MIN,1183.0,2,20,-24.0,43,40,6.0,3.0,6.0,83,2.0,2.0,,,1.0,1.0,,2.0,1.0,3.0,,1.0,,,,,,,,,,,3.0,7.0,,1.0,6.0,12.0,52,,,,,2.0,2.0,1.0,1.0,,,2.0,4.0,4.0,2.0,,,,,1.0,,2.0,,2.0,,,2.0,,,4.0,,,2.0,4.0,,6.0,,6.0,,1.0,1.0,,2.0,1.0,2.0,1.0,,,,3.0,,,1.0,3.0,,,,3.0,,,6.0,,,2.0,,1.0,2.0,,2.0,10.0,4.0,6.0,,1.0,,4.0,,,,65.11627906976744,130.0,0.6666666666666666,0.6666666666666666,,,,,,0.42857142857142855,,1.0,0.375,,1.0,0.5454545454545454,1.0,1.0,0.125,,0.14285714285714285,,0.5,,,28.571428571428573,0.6666666666666666,,0.3076923076923077,,0.25,,0.2857142857142857,,,,,0.25,0.5,0.2,0.5,0.16666666666666666,,0.25,1.0,1.0,0.5,0.25,,,,0.375,0.3333333333333333,0.3333333333333333,1.0,0.125,,,,,,,,,,,,,,,,,1.0,1.0,,,,,0.375,,0.4635625,,0.5782,0.2,0.2222222222222222,0.16666666666666666,0.3333333333333333,10.571428571428571,22.7,,0.5,1.0,,0.13953488372093023,,,,,1.0,,,,,0.5,,,,,,,,,,,2.0,,,,,,,,2022
1628317,1611661317,Karlie Samuelson,Karlie Samuelson,1628317,PHO,613.0,1,10,-3.0,23,24,10.0,2.0,3.0,47,,,,,,,,,,,,,,,,,1.0,3.0,,,,1.0,,,1.0,3.0,,3.0,20,,,,,,,,,,1.0,,,,,,3.0,3.0,1.0,,,1.0,,1.0,,,,1.0,,2.0,,,2.0,1.0,,3.0,,3.0,,,,,1.0,,,,,1.0,,1.0,,,,1.0,,,,,,,,,,,,,,,,3.0,,10.0,,,,,,,,73.91304347826086,83.33333333333334,,,,0.3333333333333333,,,0.3333333333333333,,,,0.5,,,0.5,,,1.0,,,,,,,15.384615384615383,1.0,,0.14285714285714285,,0.4,,0.25,,,,,,0.16666666666666666,,,1.0,,,,,,,,,,,,,,,,,,1.0,0.3333333333333333,0.3333333333333333,,,,,,,,,,,,,,,1.0,,1.0,0.3333333333333333,0.5397500000000001,,0.5421,,,,,,24.2,,,,,0.43478260869565216,,,,,,,,,,,,,,,,,,,,,,,,,,,,,2022
1631072,1611661324,Elissa Cunane,Elissa Cunane,1631072,MIN,597.0,3,10,-2.0,21,21,15.0,9.0,3.0,42,1.0,1.0,1.0,1.0,1.0,1.0,,,,,,,,,,,,1.0,,,,1.0,1.0,1.0,,1.0,,2.0,20,1.0,1.0,,,,2.0,1.0,1.0,,1.0,,2.0,,2.0,,,1.0,,,,,,,,,,,,,,2.0,,3.0,,3.0,2.0,5.0,,,,,,1.0,,1.0,,,,1.0,,1.0,1.0,1.0,,,,,,,,,,,,,,,,,2.0,15.0,,,,,,,,85.71428571428572,95.23809523809524,,,,,,,,1.0,1.0,1.0,0.5,1.0,0.5,0.5,1.0,0.5,0.5,,,,,,,12.0,,,0.6,0.2857142857142857,,,0.375,0.18181818181818182,0.3333333333333333,,,,0.3333333333333333,1.0,,,,0.5,1.0,1.0,,,,,,,,,,,,,,0.5,,,,1.0,1.0,,,,,,,,0.5,1.0,,,0.5,,1.0,,0.59955,0.6759,0.59955,,,1.0,1.0,0.6,25.9,,,,,0.7142857142857143,2.0,,,,,,,0.5,,,,,,,,,,,,,,,,,,,,,2022
1631046,1611661324,Hannah Sjerven,Hannah Sjerven,1631046,MIN,542.0,3,9,6.0,15,16,5.0,5.0,2.0,31,,1.0,,,,1.0,,,,,,,,,,,,,,,,,,1.0,,,,,12,,,,,,,,1.0,,,,,,,,,,,1.0,,,,,,,,,,,,,,,,,,,,,,,,,,,,,,,,,1.0,2.0,,,,,,,,,,,,,1.0,1.0,1.0,,,5.0,,,,,,,,120.0,75.0,,,,,,,,,,,,,,,,,,,1.0,1.0,,,,5.555555555555555,,,,,,,,,,,,,,,,,,1.0,,,,,,,,,,,,,,,,,,,,,,,,,,,,,1.0,,,,,,1.0,,0.4896,,0.4896,,,,,2.7,,,,,,0.3333333333333333,,,,,,,,,,,,,,,,,,,,,,,,,,,,,2022
1630961,1611661329,Tina Krajisnik,Tina Krajisnik,1630961,CHI,320.0,2,5,7.0,10,9,4.0,4.0,2.0,19,,,,,,,,1.0,,,,,,,,,,,,,,,,1.0,,,,,10,,,,,,,,1.0,,,,,,,,,,,1.0,,1.0,1.0,2.0,,1.0,,,1.0,5.0,,,,,,,,,,1.0,1.0,,,,,,,,,,,,1.0,2.0,,,,,,,,,,,,,,,,,,4.0,,,,,,,,170.0,111.11111111111111,,,,,,,,,,,,,,,,,,,1.0,,1.0,,,9.090909090909092,,,,,,,,,,,,,,,,,,,,,,1.0,,,,,,,,,,,,,,,,,,,,,,,,,,,,,,,,,0.4066,,0.4066,,,,,5.3,,,,,,0.4,,,,,,,,,,,,,,,,,,,,,,,,,,,,,2022
1631073,1611661328,Raina Perez,Raina Perez,1631073,SEA,139.0,1,2,-4.0,5,6,,,,11,,,,,,,,,,,,,,,,,,,,,,,,,,,,,9,,,,,,,,,,,,,,,,,,,,,1.0,,1.0,,,,,1.0,2.0,,,,,,,,,,,,,,,,,,,,,,,,,,,,,,,,,,,,,,,,,,,,,,,,,,100.0,150.0,,,,,,,,,,,,,,,,,,,,,,,,,,,,,,,,,,,,,,,,,,,,,,,,,,,,,,,,,,,,,,,,,,,,,,,,,,,,,,,,,,,,,,,,,,,,,,,,,,,,,,,,,,,,,,,,,,,,,,,,,2022
1630097,1611661330,Kaila Charles,Kaila Charles,1630097,ATL,118.0,1,2,,4,4,4.0,,1.0,8,,,,,,,,,,,,,,,,,,,,,,,,,,,,,6,,,,,,,,,,,,,,,,,,,,,,,,,,,,,,,,,,,,,,,,,,,,,,,,,,,,1.0,1.0,,,,,,,,,,,,,,,,,,4.0,,,,,,,,150.0,150.0,,,,,,,,,,,,,,,,,,,,,,,,,,,,,,,,,,,,,,,,,,,,,,,,,,,,,,,,,,,,,,,,,,,,,,,,,,,,,,,,,,,,,,,,,,,,1.0,,,,,,,,,,,,,,,,,,,,,,,,,,,,,2022
