EntityId,TeamId,Name,ShortName,RowId,TeamAbbreviation,SecondsPlayed,GamesPlayed,Minutes,PlusMinus,OffPoss,DefPoss,TotalPoss,AtRimFGA,FG2A,OpponentPoints,Steals,BadPassSteals,BadPassOutOfBoundsTurnovers,DeadBallTurnovers,Turnovers,ShootingFouls,Fouls,Pace,SecondsPerPossOff,SecondsPerPossDef,SecondsExcludingORebsPerPossOff,SecondsExcludingORebsPerPossDef,AtRimFrequency,AtRimFG3AFrequency,ShotQualityAvg,Avg2ptShotDistance,PenaltyOffPoss,PenaltyDefPoss,SecondChanceOffPoss,AtRimFGM,SecondChanceAtRimFGM,SecondChanceAtRimFGA,PenaltyAtRimFGM,PenaltyAtRimFGA,ShortMidRangeFGM,ShortMidRangeFGA,LongMidRangeFGM,LongMidRangeFGA,Corner3FGA,PenaltyCorner3FGA,Arc3FGM,Arc3FGA,SecondChanceArc3FGM,SecondChanceArc3FGA,PenaltyArc3FGA,FG2M,FG3M,FG3A,FtPoints,Points,SecondChanceFG2M,SecondChanceFG2A,SecondChanceFG3M,SecondChanceFG3A,SecondChanceFtPoints,SecondChancePoints,PenaltyFG2M,PenaltyFG2A,PenaltyFG3A,PenaltyFtPoints,PenaltyPoints,PtsAssisted2s,PtsUnassisted2s,PtsAssisted3s,PtsPutbacks,NonHeaveArc3FGA,NonHeaveArc3FGM,Fg2aBlocked,Fg3aBlocked,TwoPtAssists,ThreePtAssists,Assists,Arc3Assists,AtRimAssists,ShortMidRangeAssists,LongMidRangeAssists,AssistPoints,OffThreePtRebounds,OffTwoPtRebounds,DefThreePtRebounds,DefTwoPtRebounds,FTDefRebounds,DefRebounds,OffRebounds,Rebounds,SelfOReb,LostBallSteals,LiveBallTurnovers,BadPassTurnovers,LostBallTurnovers,SecondChanceTurnovers,PenaltyTurnovers,FoulsDrawn,Charge Fouls Drawn,Loose Ball Fouls Drawn,Offensive Fouls Drawn,FTA,2pt And 1 Free Throw Trips,TwoPtShootingFoulsDrawn,ThreePtShootingFoulsDrawn,NonShootingFoulsDrawn,Blocked2s,BlockedAtRim,BlockedShortMidRange,Blocks,RecoveredBlocks,FirstChancePoints,PenaltyPointsExcludingTakeFouls,PenaltyOffPossExcludingTakeFouls,NonShootingPenaltyNonTakeFouls,NonShootingPenaltyNonTakeFoulsDrawn,Assisted2sPct,NonPutbacksAssisted2sPct,Assisted3sPct,Fg3Pct,SecondChanceFg3Pct,NonHeaveFg3Pct,Fg2Pct,SecondChanceFg2Pct,PenaltyFg2Pct,EfgPct,SecondChanceEfgPct,PenaltyEfgPct,TsPct,SecondChanceTsPct,PenaltyTsPct,FG3APct,FG3APctBlocked,FG2APctBlocked,AtRimPctBlocked,ShortMidRangePctBlocked,Corner3PctBlocked,LiveBallTurnoverPct,DefFTReboundPct,DefTwoPtReboundPct,OffTwoPtReboundPct,DefThreePtReboundPct,OffThreePtReboundPct,DefFGReboundPct,OffFGReboundPct,OffAtRimReboundPct,OffShortMidRangeReboundPct,OffLongMidRangeReboundPct,OffArc3ReboundPct,OffCorner3ReboundPct,DefAtRimReboundPct,DefShortMidRangeReboundPct,DefLongMidRangeReboundPct,DefArc3ReboundPct,SelfORebPct,BlocksRecoveredPct,AtRimAccuracy,UnblockedAtRimAccuracy,AtRimPctAssisted,ShortMidRangeFrequency,ShortMidRangeAccuracy,UnblockedShortMidRangeAccuracy,ShortMidRangePctAssisted,LongMidRangeFrequency,LongMidRangeAccuracy,UnblockedLongMidRangeAccuracy,LongMidRangePctAssisted,Corner3Frequency,Arc3Frequency,Arc3Accuracy,UnblockedArc3Accuracy,Arc3PctAssisted,SecondChanceAtRimFrequency,SecondChanceAtRimAccuracy,SecondChanceAtRimPctAssisted,SecondChanceArc3Frequency,SecondChanceArc3Accuracy,SecondChanceArc3PctAssisted,PenaltyAtRimFrequency,PenaltyAtRimAccuracy,PenaltyCorner3Frequency,PenaltyArc3Frequency,NonHeaveArc3Accuracy,SecondChanceShotQualityAvg,PenaltyShotQualityAvg,ShootingFoulsDrawnPct,TwoPtShootingFoulsDrawnPct,ThreePtShootingFoulsDrawnPct,SecondChancePointsPct,PenaltyPointsPct,Avg3ptShotDistance,PenaltyOffPossPct,Loose Ball Fouls,Corner3FGM,PtsUnassisted3s,HeaveMakes,HeaveAttempts,Corner3Assists,Corner3Accuracy,UnblockedCorner3Accuracy,Corner3PctAssisted,LongMidRangePctBlocked,DefCorner3ReboundPct,LostBallOutOfBoundsTurnovers,FTOffRebounds,OffFTReboundPct,Offensive Fouls,3SecondViolations,SecondChanceCorner3FGA,PenaltyCorner3FGM,PenaltyArc3FGM,PenaltyFG3M,Travels,BlockingFouls,Charge Fouls,BlockingFoulsDrawn,3pt And 1 Free Throw Trips,Technical Free Throw Trips,BlockedLongMidRange,PenaltyFg3Pct,Arc3PctBlocked,SecondChanceCorner3Frequency,PenaltyCorner3Accuracy,PenaltyArc3Accuracy,SecondChanceCorner3FGM,SecondChanceCorner3Accuracy,SecondChanceCorner3PctAssisted,StepOutOfBoundsTurnovers,Clear Path Fouls,Blocked3s,BlockedArc3,team_id,year,season,team_vs
100412-100835-100915-201499-202644,1611661324,"Taj McWilliams-Franklin, Erin Thorn, Lindsay Whalen, Candice Wiggins, Amber Harris","McWilliams-Franklin, Thorn, Whalen, Wiggins, Harris",100412-100835-100915-201499-202644,MIN,67.0,1,1.0,-3.0,2.0,2.0,4.0,1.0,1.0,3.0,1.0,1.0,1.0,1.0,1.0,1.0,2.0,85.97014925373134,15.5,18.0,15.5,18.0,1.0,1.0,0.5969,1.5,,,,,,,,,,,,,,,,,,,,,,,,,,,,,,,,,,,,,,,,,,,,,,,,,,,,,,,,,,,,,,,,,,,,,,,,,,,,,,,,,,,,,,,,,,,,,,,,,,,,,,,,,,,,,,,,,,,,,,,,,,,,,,,,,,,,,,,,,,,,,,,,,,,,,,,,,,,,,,,,,,,,,,,,,,,,,,,,,,,,,,,,,,,,,,,,,,,,,,,,,1611661324,2012,2012,True
100412-100915-100944-201499-202632,1611661324,"Taj McWilliams-Franklin, Lindsay Whalen, Rebekkah Brunson, Candice Wiggins, Maya Moore","McWilliams-Franklin, Whalen, Brunson, Wiggins, Moore",100412-100915-100944-201499-202632,MIN,2924.0,9,49.0,-12.0,84.0,84.0,168.0,29.0,59.0,97.0,9.0,6.0,2.0,4.0,17.0,5.0,18.0,82.7359781121751,18.392857142857142,16.416666666666668,16.654761904761905,15.416666666666666,0.3493975903614458,0.6385542168674698,0.49005,7.68135593220339,11.0,15.0,15.0,16.0,6.0,10.0,4.0,6.0,5.0,16.0,6.0,14.0,6.0,2.0,6.0,18.0,2.0,5.0,3.0,27.0,6.0,24.0,13.0,85.0,6.0,12.0,2.0,5.0,2.0,20.0,4.0,7.0,5.0,4.0,12.0,28.0,26.0,18.0,10.0,18.0,6.0,7.0,1.0,14.0,6.0,20.0,6.0,7.0,2.0,5.0,46.0,9.0,13.0,9.0,13.0,1.0,23.0,22.0,45.0,1.0,3.0,13.0,5.0,8.0,3.0,2.0,19.0,1.0,1.0,3.0,16.0,1.0,5.0,1.0,2.0,4.0,3.0,1.0,4.0,1.0,65.0,11.0,10.0,3.0,1.0,0.5185185185185185,0.6363636363636364,1.0,0.25,0.4,0.25,0.4576271186440678,0.5,0.5714285714285714,0.43373493975903615,0.5294117647058824,0.3333333333333333,0.4722222222222222,0.5555555555555556,0.42857142857142855,0.2891566265060241,0.041666666666666664,0.11864406779661017,0.1724137931034483,0.125,0.16666666666666666,0.7647058823529411,1.0,0.6842105263157895,0.40625,0.6428571428571429,0.5,0.6666666666666666,0.44,0.46153846153846156,0.2727272727272727,0.5,0.5833333333333334,0.3333333333333333,0.75,0.5,0.8,0.75,0.023809523809523808,0.25,0.5517241379310345,0.6666666666666666,0.4375,0.1927710843373494,0.3125,0.35714285714285715,0.4,0.1686746987951807,0.42857142857142855,0.42857142857142855,0.8333333333333334,0.07228915662650602,0.21686746987951808,0.3333333333333333,0.3333333333333333,1.0,0.5882352941176471,0.6,0.16666666666666666,0.29411764705882354,0.4,1.0,0.5,0.6666666666666666,0.16666666666666666,0.25,0.3333333333333333,0.5162409090909091,0.5196916666666667,0.06818181818181818,0.07936507936507936,0.04,0.23529411764705882,0.1411764705882353,22.129166666666666,0.13095238095238096,,,,,,,,,,,,,,,,,,,,,,,,,,,,,,,,,,,,,,,,1611661324,2012,2012,True
100412-100835-202257-202632-203016,1611661324,"Taj McWilliams-Franklin, Erin Thorn, Monica Wright, Maya Moore, Devereaux Peters","McWilliams-Franklin, Thorn, Wright, Moore, Peters",100412-100835-202257-202632-203016,MIN,202.0,1,3.0,-2.0,8.0,9.0,17.0,2.0,4.0,9.0,2.0,1.0,,,3.0,1.0,3.0,121.18811881188118,12.875,11.0,12.875,10.222222222222221,0.5,0.5,0.45995,9.0,2.0,9.0,,1.0,,,1.0,1.0,,,1.0,2.0,,,,,,,,2.0,,,3.0,7.0,,,,,,,2.0,2.0,,1.0,5.0,2.0,2.0,,,,,,,1.0,,1.0,,1.0,,,2.0,,,1.0,,1.0,2.0,,2.0,,1.0,3.0,2.0,1.0,,,2.0,,,,3.0,1.0,2.0,,,1.0,1.0,,1.0,,7.0,5.0,2.0,2.0,,0.5,0.5,,,,,0.5,,1.0,0.5,,1.0,0.7,,1.25,,,,,,,1.0,1.0,,,0.5,,0.3333333333333333,,,,,,,,,,1.0,,,0.5,0.5,1.0,,,,,0.5,0.5,0.5,,,,,,,,,,,,,0.5,1.0,,,,,0.4179,0.4,0.4,,,0.7142857142857143,,0.25,1.0,,,,,,,,,,,,,,,,,,,,,,,,,,,,,,,,,,,,,,,1611661324,2012,2012,True
100412-100915-202257-202632-203016,1611661324,"Taj McWilliams-Franklin, Lindsay Whalen, Monica Wright, Maya Moore, Devereaux Peters","McWilliams-Franklin, Whalen, Wright, Moore, Peters",100412-100915-202257-202632-203016,MIN,305.0,3,5.0,-8.0,12.0,10.0,22.0,3.0,6.0,17.0,1.0,1.0,,,2.0,1.0,3.0,103.8688524590164,16.333333333333332,10.9,16.25,10.7,0.2727272727272727,0.7272727272727273,0.44478999999999996,10.066666666666666,,9.0,1.0,,,,,,,,,3.0,2.0,,2.0,3.0,,,,,3.0,5.0,,9.0,,,,,,,,,,,,,,6.0,,1.0,1.0,2.0,,,2.0,2.0,1.0,,,,6.0,1.0,,1.0,,,1.0,1.0,2.0,,,2.0,2.0,,1.0,,,,,,,,,,,,,,,,9.0,,,2.0,,,,0.6666666666666666,0.6,,0.5,,,,0.4090909090909091,,,0.4090909090909091,,,0.45454545454545453,,0.3333333333333333,0.6666666666666666,,,1.0,,,,1.0,0.5,0.5,0.125,,,,,1.0,,,,1.0,,,,,,,,,,0.2727272727272727,,,,0.18181818181818182,0.2727272727272727,0.6666666666666666,0.6666666666666666,0.5,,,,,,,,,,,1.0,,,,,,,,26.619999999999997,,1.0,1.0,3.0,1.0,1.0,1.0,0.5,0.5,1.0,,,,,,,,,,,,,,,,,,,,,,,,,,,,,,,1611661324,2012,2012,True
100915-100944-202257-202632-202644,1611661324,"Lindsay Whalen, Rebekkah Brunson, Monica Wright, Maya Moore, Amber Harris","Whalen, Brunson, Wright, Moore, Harris",100915-100944-202257-202632-202644,MIN,278.0,2,5.0,6.0,9.0,9.0,18.0,3.0,7.0,6.0,,,1.0,1.0,1.0,1.0,1.0,93.23741007194243,12.666666666666666,18.22222222222222,11.555555555555555,16.11111111111111,0.3333333333333333,0.5555555555555556,0.5318,10.585714285714285,1.0,,2.0,1.0,,1.0,1.0,1.0,,,1.0,4.0,1.0,,1.0,1.0,,,,2.0,2.0,2.0,2.0,12.0,,2.0,,,,,1.0,1.0,,,2.0,2.0,2.0,6.0,,1.0,1.0,1.0,,1.0,2.0,3.0,1.0,1.0,,,8.0,,2.0,3.0,2.0,,5.0,2.0,7.0,,,,,,,,1.0,,,,2.0,,1.0,,,1.0,1.0,,1.0,,12.0,2.0,1.0,,,0.5,0.5,1.0,1.0,,1.0,0.2857142857142857,,1.0,0.5555555555555556,,1.0,0.6,,1.0,0.2222222222222222,,0.14285714285714285,,,,,,0.5,0.4,1.0,,0.7142857142857143,0.4,0.5,,0.3333333333333333,,,,1.0,0.5,1.0,,,0.3333333333333333,0.3333333333333333,1.0,,,,,0.4444444444444444,0.25,0.3333333333333333,,0.1111111111111111,0.1111111111111111,1.0,1.0,1.0,0.5,,,,,,1.0,1.0,,,1.0,0.4364,0.8273,0.1,0.125,,,0.16666666666666666,21.6,0.1111111111111111,,1.0,,,,1.0,1.0,1.0,1.0,0.25,1.0,,,,,,,,,,,,,,,,,,,,,,,,,,,,,1611661324,2012,2012,True
100915-201499-202257-202632-202644,1611661324,"Lindsay Whalen, Candice Wiggins, Monica Wright, Maya Moore, Amber Harris","Whalen, Wiggins, Wright, Moore, Harris",100915-201499-202257-202632-202644,MIN,291.0,2,5.0,-10.0,10.0,11.0,21.0,2.0,5.0,11.0,,,2.0,3.0,4.0,,1.0,103.91752577319589,17.6,10.454545454545455,16.9,9.636363636363637,0.2857142857142857,0.5714285714285714,0.4469357142857143,8.08,,1.0,1.0,,,,,,,1.0,,2.0,,,,2.0,,,,,,2.0,1.0,1.0,,1.0,,,,,,,,,,,,,,2.0,,,,,,,,,,,,1.0,,2.0,2.0,1.0,5.0,1.0,6.0,,,1.0,1.0,,,,4.0,1.0,1.0,,2.0,,1.0,,,,,,,,1.0,,,,,,,,,,,,,,,,,0.0625,,,0.2857142857142857,,,,,,0.25,1.0,0.6666666666666666,,1.0,0.5,0.8,0.14285714285714285,,,,0.5,,1.0,,1.0,1.0,,,,,,0.14285714285714285,,,,0.2857142857142857,,,,,0.2857142857142857,,,,,,,,,,,,,,,0.3427,,0.125,0.16666666666666666,,,,22.1,,1.0,,,,,,,,,,1.0,1.0,,,,,,,,,,,,,,,,,,,,,,,,,,,,1611661324,2012,2012,True
100412-200671-201499-202257-202644,1611661324,"Taj McWilliams-Franklin, Seimone Augustus, Candice Wiggins, Monica Wright, Amber Harris","McWilliams-Franklin, Augustus, Wiggins, Wright, Harris",100412-200671-201499-202257-202644,MIN,418.0,6,7.0,7.0,14.0,14.0,28.0,1.0,8.0,10.0,,,1.0,2.0,3.0,1.0,2.0,96.45933014354067,13.214285714285714,16.642857142857142,13.142857142857142,16.571428571428573,0.1,0.3,0.43785999999999997,13.675,6.0,2.0,2.0,1.0,,,,,1.0,1.0,3.0,6.0,1.0,,,1.0,,,1.0,5.0,1.0,2.0,4.0,17.0,,,,,4.0,4.0,1.0,3.0,1.0,4.0,6.0,6.0,4.0,3.0,,1.0,,,,3.0,1.0,4.0,,1.0,,2.0,9.0,1.0,,2.0,6.0,,8.0,2.0,10.0,,,1.0,1.0,,,1.0,4.0,,1.0,,4.0,,,,2.0,,,,,,13.0,6.0,6.0,,2.0,0.6,0.6,1.0,0.5,,0.5,0.625,,0.3333333333333333,0.65,,0.25,0.7083333333333334,1.0,0.5,0.2,,,,,,0.3333333333333333,,0.8571428571428571,,1.0,1.0,0.8888888888888888,0.25,,,,1.0,,,1.0,1.0,1.0,,,1.0,1.0,1.0,0.1,1.0,1.0,,0.6,0.5,0.5,0.6666666666666666,0.1,0.1,,,,,,,,,,,,,0.25,,,0.453625,,,,0.23529411764705882,0.35294117647058826,22.25,0.42857142857142855,,1.0,,,,1.0,1.0,1.0,1.0,,,1.0,1.0,1.0,,,,,,,,,,,,,,,,,,,,,,,,,,1611661324,2012,2012,True
100412-100835-100915-100944-202257,1611661324,"Taj McWilliams-Franklin, Erin Thorn, Lindsay Whalen, Rebekkah Brunson, Monica Wright","McWilliams-Franklin, Thorn, Whalen, Brunson, Wright",100412-100835-100915-100944-202257,MIN,124.0,2,2.0,,3.0,3.0,6.0,,2.0,,,,,1.0,1.0,,2.0,69.6774193548387,23.666666666666668,17.666666666666668,23.666666666666668,17.666666666666668,,0.3333333333333333,0.40386666666666665,9.4,,,1.0,,,,,,,1.0,,1.0,,,,1.0,,,,,,1.0,,,,,,,,,,,,,,,,,,1.0,,,,,,,,,,,,1.0,,,3.0,,3.0,1.0,4.0,,,,,,1.0,,2.0,,,,,,,,,,,,,,,,,,,,,,,,,,,,,,,,,,0.3333333333333333,,,,,,,,1.0,,,1.0,1.0,0.3333333333333333,,,,1.0,,1.0,1.0,,,,,,,,0.3333333333333333,,,,0.3333333333333333,,,,,0.3333333333333333,,,,,,,,,,,,,,,,,,,,,,21.4,,,,,,,,,,,,,,,,1.0,,,,,,,,,,,,,,,,,,,,,,,,,1611661324,2012,2012,True
100412-100835-100915-202257-203016,1611661324,"Taj McWilliams-Franklin, Erin Thorn, Lindsay Whalen, Monica Wright, Devereaux Peters","McWilliams-Franklin, Thorn, Whalen, Wright, Peters",100412-100835-100915-202257-203016,MIN,65.0,1,1.0,,1.0,2.0,3.0,1.0,1.0,2.0,,,,,,,,66.46153846153847,22.0,21.5,22.0,21.5,1.0,1.0,0.6506,1.9,,,,1.0,,,,,,,,,,,,,,,,1.0,,,,2.0,,,,,,,,,,,,2.0,,,,,,,,1.0,,1.0,,1.0,,,2.0,,,,1.0,,1.0,,1.0,,,,,,,,1.0,,,,,,,,,,,,,,2.0,,,,,1.0,1.0,,,,,1.0,,,1.0,,,1.0,,,,,,,,,,,1.0,,,,1.0,,,,,,,,1.0,,,,,1.0,1.0,1.0,,,,,,,,,,,,,,,,,,,,,,,,,,,,,,,,,,,,,,,,,,,,,,,,,,,,,,,,,,,,,,,,,,,,,,,,,1611661324,2012,2012,True
100412-100835-200671-202257-202632,1611661324,"Taj McWilliams-Franklin, Erin Thorn, Seimone Augustus, Monica Wright, Maya Moore","McWilliams-Franklin, Thorn, Augustus, Wright, Moore",100412-100835-200671-202257-202632,MIN,47.0,1,1.0,,2.0,2.0,4.0,,1.0,2.0,,,,,,,,122.55319148936171,13.0,10.5,13.0,9.5,,,0.384,16.6,,,,,,,,,,,,1.0,,,,,,,,,,,2.0,2.0,,,,,,,,,,,,,,,,,,,,,,,,,,,,,,,,,,,,,,,,,,,1.0,,,,2.0,,1.0,,,,,,,,2.0,,,,,,,,,,,,,,,,,0.5,,,,,,,,,,,,,,,,,,,,,,,,,,,,,,,,,,,1.0,,,,,,,,,,,,,,,,,,,,,,0.5,0.5,,,,,,,,,,,,,,,,,,,,,,,,,,,,,,,,,,,,,,,,,,,,,1611661324,2012,2012,True
100412-100835-100944-201499-202257,1611661324,"Taj McWilliams-Franklin, Erin Thorn, Rebekkah Brunson, Candice Wiggins, Monica Wright","McWilliams-Franklin, Thorn, Brunson, Wiggins, Wright",100412-100835-100944-201499-202257,MIN,249.0,2,4.0,3.0,8.0,10.0,18.0,1.0,6.0,4.0,2.0,1.0,,1.0,2.0,1.0,3.0,104.09638554216866,12.875,14.6,11.875,13.9,0.125,0.375,0.495,10.116666666666667,,,2.0,1.0,,,,,1.0,3.0,,2.0,2.0,,,,,,,2.0,1.0,2.0,,7.0,,1.0,,,,,,,,,,2.0,2.0,3.0,,,,1.0,,1.0,1.0,2.0,,,1.0,,5.0,,2.0,1.0,2.0,,3.0,2.0,5.0,,1.0,1.0,1.0,,1.0,,1.0,,,1.0,,,,,,1.0,,1.0,1.0,1.0,7.0,,,,,0.5,0.5,1.0,0.5,,0.5,0.3333333333333333,,,0.4375,,,0.4375,,,0.25,,0.16666666666666666,,0.3333333333333333,,0.5,,1.0,0.5,0.5,,0.75,0.4,,0.5,0.5,,,1.0,1.0,,1.0,,1.0,1.0,1.0,,0.375,0.3333333333333333,0.5,1.0,0.25,,,,0.25,,,,,,,,,,,,,,,,0.3406,,,,,,,22.2,,,1.0,,,,1.0,0.5,0.5,1.0,,,,,,1.0,,,,,,,,,,,,,,,,,,,,,,,,,1611661324,2012,2012,True
100412-100835-201499-202257-202632,1611661324,"Taj McWilliams-Franklin, Erin Thorn, Candice Wiggins, Monica Wright, Maya Moore","McWilliams-Franklin, Thorn, Wiggins, Wright, Moore",100412-100835-201499-202257-202632,MIN,207.0,2,3.0,-4.0,6.0,6.0,12.0,3.0,4.0,8.0,1.0,1.0,,2.0,3.0,,1.0,83.47826086956522,18.666666666666668,15.833333333333334,17.333333333333332,14.833333333333334,0.5,0.8333333333333334,0.47119,6.1,1.0,1.0,2.0,2.0,2.0,2.0,1.0,1.0,,,,1.0,,,,2.0,,,1.0,2.0,,2.0,,4.0,2.0,2.0,,,,4.0,1.0,2.0,1.0,,2.0,4.0,,,,2.0,,,,2.0,,2.0,,2.0,,,4.0,1.0,1.0,,,,,2.0,2.0,,,1.0,,1.0,,,,,,,,,,,,,,,,,,2.0,1.0,,,1.0,1.0,,,,,0.5,1.0,0.5,0.3333333333333333,1.0,0.3333333333333333,0.3333333333333333,1.0,0.3333333333333333,0.3333333333333333,,,,,,0.3333333333333333,,,0.5,,1.0,,0.6666666666666666,,,1.0,1.0,,,,,,,,0.6666666666666666,0.6666666666666666,1.0,,,,,0.16666666666666666,,,,,0.3333333333333333,,,,1.0,1.0,1.0,,,,0.3333333333333333,1.0,,0.3333333333333333,,0.4326,0.34175,,,,1.0,0.5,30.55,0.16666666666666666,,,,,,,,,,,,,,,1.0,1.0,,,,,,,,,,,,,,,,,,,,,,,,1611661324,2012,2012,True
100412-100835-200671-201499-202644,1611661324,"Taj McWilliams-Franklin, Erin Thorn, Seimone Augustus, Candice Wiggins, Amber Harris","McWilliams-Franklin, Thorn, Augustus, Wiggins, Harris",100412-100835-200671-201499-202644,MIN,178.0,1,3.0,2.0,6.0,7.0,13.0,2.0,4.0,9.0,1.0,1.0,,,,,,105.16853932584269,15.333333333333334,12.285714285714286,14.5,12.285714285714286,0.3333333333333333,0.6666666666666666,0.5495416666666667,8.425,3.0,4.0,1.0,2.0,1.0,1.0,1.0,1.0,1.0,1.0,,1.0,1.0,,,1.0,,,,3.0,1.0,2.0,2.0,11.0,1.0,1.0,,,,2.0,2.0,3.0,,2.0,6.0,2.0,4.0,3.0,,1.0,,,,1.0,1.0,2.0,,1.0,,,5.0,,1.0,,1.0,,1.0,1.0,2.0,,,,,,,,2.0,,,,2.0,,1.0,,,,,,,,9.0,6.0,3.0,,,0.3333333333333333,0.3333333333333333,1.0,0.5,,0.5,0.75,1.0,0.6666666666666666,0.75,1.0,0.6666666666666666,0.7857142857142857,1.0,0.75,0.3333333333333333,,,,,,,,1.0,1.0,,,1.0,0.5,,,1.0,,,,1.0,,,,,1.0,1.0,0.5,0.16666666666666666,1.0,1.0,,0.16666666666666666,,,,0.16666666666666666,0.16666666666666666,,,,1.0,1.0,,,,,0.3333333333333333,1.0,,,,0.5721,0.41883333333333334,0.14285714285714285,0.2,,0.18181818181818182,0.5454545454545454,21.25,0.5,,1.0,,,,1.0,1.0,1.0,1.0,,,,,,,,,,,,,,,,,,,,,,,,,,,,,,,1611661324,2012,2012,True
100412-100835-200671-202257-202644,1611661324,"Taj McWilliams-Franklin, Erin Thorn, Seimone Augustus, Monica Wright, Amber Harris","McWilliams-Franklin, Thorn, Augustus, Wright, Harris",100412-100835-200671-202257-202644,MIN,19.0,1,,,,,,,,,,,,,,,1.0,,,,,,,,,,,,,,,,,,,,,,,,,,,,,,,,,,,,,,,,,,,,,,,,,,,,,,,,,,,,,,,,,,,,,,,,,,,,,,,,,,,,,,,,,,,,,,,,,,,,,,,,,,,,,,,,,,,,,,,,,,,,,,,,,,,,,,,,,,,,,,,,,,,,,,,,,,,,,,,,,,,,,,,,,,,,,,,,,,,,,,,,,,,,,,,,,,,,,,,,,,,,,,,,,,1611661324,2012,2012,True
100412-100915-100944-200671-202632,1611661324,"Taj McWilliams-Franklin, Lindsay Whalen, Rebekkah Brunson, Seimone Augustus, Maya Moore","McWilliams-Franklin, Whalen, Brunson, Augustus, Moore",100412-100915-100944-200671-202632,MIN,19716.0,24,329.0,-125.0,629.0,625.0,1254.0,175.0,386.0,721.0,51.0,29.0,13.0,44.0,113.0,68.0,148.0,91.58855751673767,15.794912559618442,15.6496,14.853736089030207,14.168,0.30809859154929575,0.6285211267605634,0.49663961267605633,7.671243523316062,45.0,49.0,81.0,103.0,19.0,29.0,4.0,6.0,41.0,114.0,28.0,97.0,38.0,6.0,46.0,144.0,5.0,17.0,7.0,172.0,58.0,182.0,78.0,596.0,30.0,58.0,5.0,18.0,18.0,93.0,7.0,22.0,13.0,14.0,37.0,174.0,170.0,126.0,22.0,144.0,46.0,30.0,2.0,87.0,42.0,129.0,31.0,57.0,14.0,16.0,300.0,39.0,57.0,34.0,146.0,12.0,192.0,98.0,290.0,13.0,22.0,69.0,51.0,18.0,7.0,8.0,107.0,4.0,6.0,8.0,111.0,8.0,51.0,2.0,5.0,33.0,28.0,4.0,33.0,11.0,503.0,37.0,45.0,8.0,5.0,0.5058139534883721,0.5403726708074534,0.7241379310344828,0.31868131868131866,0.2777777777777778,0.31868131868131866,0.44559585492227977,0.5172413793103449,0.3181818181818182,0.45598591549295775,0.4934210526315789,0.32857142857142857,0.4813614262560778,0.5287356321839081,0.42045454545454547,0.3204225352112676,0.01098901098901099,0.07772020725388601,0.12571428571428572,0.06140350877192982,0.02631578947368421,0.6106194690265486,0.7058823529411765,0.5863453815261044,0.27014218009478674,0.53125,0.3170731707317073,0.5750798722044729,0.2874251497005988,0.3888888888888889,0.22857142857142856,0.18840579710144928,0.29896907216494845,0.38461538461538464,0.4166666666666667,0.5949367088607594,0.7441860465116279,0.5416666666666666,0.04304635761589404,0.3333333333333333,0.5885714285714285,0.673202614379085,0.5533980582524272,0.2007042253521127,0.35964912280701755,0.38317757009345793,0.34146341463414637,0.17077464788732394,0.28865979381443296,0.2916666666666667,0.5714285714285714,0.06690140845070422,0.2535211267605634,0.3194444444444444,0.32167832167832167,0.6739130434782609,0.3815789473684211,0.6551724137931034,0.2631578947368421,0.2236842105263158,0.29411764705882354,1.0,0.17142857142857143,0.6666666666666666,0.17142857142857143,0.2,0.3194444444444444,0.472587037037037,0.43999142857142853,0.08660130718954248,0.11888111888111888,0.01092896174863388,0.15604026845637584,0.06208053691275168,22.10054945054945,0.07154213036565978,13.0,12.0,48.0,,,11.0,0.3157894736842105,0.32432432432432434,0.9166666666666666,0.010309278350515464,0.5,7.0,2.0,0.15384615384615385,5.0,,1.0,1.0,2.0,3.0,5.0,6.0,6.0,2.0,1.0,4.0,1.0,0.23076923076923078,0.006944444444444444,0.013157894736842105,0.16666666666666666,0.2857142857142857,,,,,,,,1611661324,2012,2012,True
100412-100915-100944-202257-202632,1611661324,"Taj McWilliams-Franklin, Lindsay Whalen, Rebekkah Brunson, Monica Wright, Maya Moore","McWilliams-Franklin, Whalen, Brunson, Wright, Moore",100412-100915-100944-202257-202632,MIN,4035.0,12,67.0,-3.0,120.0,122.0,242.0,32.0,76.0,133.0,10.0,6.0,4.0,8.0,21.0,10.0,23.0,86.364312267658,17.416666666666668,15.942622950819672,16.316666666666666,15.180327868852459,0.29357798165137616,0.5963302752293578,0.48739816513761464,8.160526315789474,7.0,11.0,17.0,18.0,6.0,8.0,,1.0,11.0,27.0,7.0,17.0,10.0,,10.0,23.0,2.0,3.0,2.0,36.0,14.0,33.0,16.0,130.0,8.0,12.0,3.0,4.0,2.0,27.0,2.0,4.0,2.0,,10.0,28.0,44.0,39.0,2.0,23.0,10.0,5.0,,14.0,13.0,27.0,9.0,8.0,4.0,2.0,67.0,5.0,12.0,6.0,31.0,2.0,39.0,18.0,57.0,1.0,4.0,13.0,10.0,3.0,1.0,1.0,28.0,,4.0,3.0,21.0,2.0,11.0,,,2.0,1.0,1.0,2.0,1.0,103.0,10.0,7.0,1.0,,0.3888888888888889,0.4,0.9285714285714286,0.42424242424242425,0.75,0.42424242424242425,0.47368421052631576,0.6666666666666666,0.5,0.5229357798165137,0.78125,0.8333333333333334,0.5508474576271186,0.7941176470588235,0.8333333333333334,0.30275229357798167,,0.06578947368421052,0.125,0.037037037037037035,,0.6190476190476191,1.0,0.7045454545454546,0.3,0.6666666666666666,0.2631578947368421,0.6981132075471698,0.288135593220339,0.42857142857142855,0.1875,0.3,0.23076923076923078,0.3333333333333333,0.7272727272727273,0.7619047619047619,0.5833333333333334,0.8571428571428571,0.018518518518518517,0.5,0.5625,0.6428571428571429,0.4444444444444444,0.24770642201834864,0.4074074074074074,0.4230769230769231,0.36363636363636365,0.1559633027522936,0.4117647058823529,0.4117647058823529,0.2857142857142857,0.09174311926605505,0.21100917431192662,0.43478260869565216,0.43478260869565216,0.9,0.5,0.75,0.16666666666666666,0.1875,0.6666666666666666,1.0,0.16666666666666666,,,0.3333333333333333,0.43478260869565216,0.5420076923076923,0.44154166666666667,0.09322033898305085,0.12941176470588237,,0.2076923076923077,0.07692307692307693,22.04848484848485,0.058333333333333334,1.0,4.0,3.0,,,4.0,0.4,0.4,1.0,,,,1.0,1.0,1.0,1.0,1.0,,2.0,2.0,,1.0,,,,1.0,,1.0,,0.0625,,1.0,1.0,1.0,1.0,,,,,1611661324,2012,2012,True
100412-100915-200671-201499-203016,1611661324,"Taj McWilliams-Franklin, Lindsay Whalen, Seimone Augustus, Candice Wiggins, Devereaux Peters","McWilliams-Franklin, Whalen, Augustus, Wiggins, Peters",100412-100915-200671-201499-203016,MIN,241.0,3,4.0,6.0,8.0,9.0,17.0,6.0,8.0,8.0,1.0,1.0,,,1.0,,1.0,101.57676348547717,11.875,16.22222222222222,11.5,16.0,0.75,0.75,0.6227,3.9875,,2.0,1.0,4.0,,2.0,,,1.0,2.0,,,,,,,,,,5.0,,,4.0,14.0,,2.0,,,,,,,,,,2.0,8.0,,,,,,,1.0,,1.0,,1.0,,,2.0,,2.0,1.0,2.0,,3.0,2.0,5.0,1.0,,1.0,1.0,,,,4.0,,,1.0,5.0,1.0,3.0,,,1.0,1.0,,1.0,1.0,14.0,,,,,0.2,0.2,,,,,0.625,,,0.625,,,0.7,,,,,,,,,1.0,,0.6666666666666666,0.6666666666666666,1.0,,0.75,0.6666666666666666,0.5,1.0,,,,1.0,0.5,,1.0,0.3333333333333333,1.0,0.6666666666666666,0.6666666666666666,0.25,0.25,0.5,0.5,,,,,,,,,,,1.0,,,,,,,,,,,0.6309,,0.3,0.3,,,,,,,,,,,,,,,,,,,,,,,,,,,,,,,,,,,,,,,,,,,,,1611661324,2012,2012,True
100412-100915-200671-201882-202257,1611661324,"Taj McWilliams-Franklin, Lindsay Whalen, Seimone Augustus, Jessica Adair, Monica Wright","McWilliams-Franklin, Whalen, Augustus, Adair, Wright",100412-100915-200671-201882-202257,MIN,306.0,3,5.0,,9.0,8.0,17.0,3.0,4.0,9.0,,,,2.0,2.0,1.0,3.0,80.0,19.0,16.875,18.77777777777778,16.875,0.42857142857142855,0.8571428571428571,0.5242428571428571,4.1,,,1.0,2.0,1.0,1.0,,,,,,1.0,,,1.0,3.0,,,,2.0,1.0,3.0,2.0,9.0,1.0,1.0,,,,2.0,,,,,,2.0,2.0,3.0,2.0,3.0,1.0,1.0,,1.0,1.0,2.0,1.0,1.0,,,5.0,,1.0,2.0,1.0,,3.0,1.0,4.0,,,,,,,,2.0,,,,4.0,,2.0,,,,,,,,7.0,,,,,0.5,1.0,1.0,0.3333333333333333,,0.3333333333333333,0.5,1.0,,0.5,1.0,,0.5,1.0,,0.42857142857142855,,0.25,0.3333333333333333,,,,,1.0,0.5,1.0,,1.0,0.25,1.0,,,,,,1.0,,1.0,,,0.6666666666666666,1.0,0.5,,,,,0.14285714285714285,,,,,0.42857142857142855,0.3333333333333333,0.3333333333333333,1.0,1.0,1.0,,,,,,,,,0.3333333333333333,0.678,,0.2222222222222222,0.3333333333333333,,0.2222222222222222,,22.266666666666666,,,,,,,,,,,,1.0,1.0,,,,,,,,,,,1.0,,,,,,,,,,,,,,,,,1611661324,2012,2012,True
100412-100915-201499-202257-202644,1611661324,"Taj McWilliams-Franklin, Lindsay Whalen, Candice Wiggins, Monica Wright, Amber Harris","McWilliams-Franklin, Whalen, Wiggins, Wright, Harris",100412-100915-201499-202257-202644,MIN,315.0,3,5.0,-1.0,10.0,10.0,20.0,5.0,9.0,8.0,2.0,1.0,,,1.0,1.0,2.0,91.42857142857143,16.0,15.5,14.6,12.5,0.4166666666666667,0.6666666666666666,0.512325,8.822222222222223,4.0,4.0,1.0,,,1.0,,2.0,,,2.0,4.0,1.0,,1.0,2.0,,,,2.0,1.0,3.0,,7.0,1.0,2.0,,,,2.0,,4.0,,,,2.0,2.0,,,2.0,1.0,3.0,,1.0,,1.0,,,,1.0,2.0,1.0,2.0,1.0,2.0,,3.0,3.0,6.0,,1.0,1.0,1.0,,,,,,,,,,,,,2.0,2.0,,2.0,1.0,5.0,,4.0,1.0,,0.5,0.5,,0.3333333333333333,,0.3333333333333333,0.2222222222222222,0.5,,0.2916666666666667,0.5,,0.2916666666666667,0.5,,0.25,,0.3333333333333333,0.6,,,1.0,,0.4,0.2857142857142857,1.0,0.5,0.5,0.3333333333333333,0.4,,,,1.0,0.3333333333333333,,1.0,1.0,,0.5,,,,,,,,0.3333333333333333,0.5,0.5,0.5,0.08333333333333333,0.16666666666666666,0.5,0.5,,0.5,,,,,,0.5,,,,0.5,0.2121,0.44065,,,,0.2857142857142857,,21.566666666666666,0.4,,,3.0,,,,,,,,,,,,,,,,,,,,,,,,,,,,,,,,,,,,,1611661324,2012,2012,True
100412-201499-201882-202257-202632,1611661324,"Taj McWilliams-Franklin, Candice Wiggins, Jessica Adair, Monica Wright, Maya Moore","McWilliams-Franklin, Wiggins, Adair, Wright, Moore",100412-201499-201882-202257-202632,MIN,190.0,2,3.0,-4.0,8.0,7.0,15.0,5.0,7.0,9.0,1.0,1.0,,,2.0,1.0,2.0,113.6842105263158,15.375,9.571428571428571,13.75,9.571428571428571,0.5555555555555556,0.7777777777777778,0.5203388888888889,7.071428571428571,,,2.0,2.0,,1.0,,,,,,2.0,2.0,,,,,,,2.0,,2.0,1.0,5.0,,2.0,,,,,,,,,,4.0,,,,,,2.0,,2.0,,2.0,,2.0,,,4.0,2.0,1.0,,2.0,,2.0,3.0,5.0,,,2.0,2.0,,1.0,,1.0,,,,1.0,1.0,1.0,,,,,,,,5.0,,,,,1.0,1.0,,,,,0.2857142857142857,,,0.2222222222222222,,,0.2777777777777778,,,0.2222222222222222,,0.2857142857142857,0.4,,,1.0,,1.0,0.2,,1.0,1.0,0.42857142857142855,0.3333333333333333,,,,1.0,,,1.0,,,,0.4,0.6666666666666666,1.0,,,,,0.2222222222222222,,,,0.2222222222222222,,,,,0.5,,,,,,,,,,,,,0.1111111111111111,0.14285714285714285,,,,21.55,,1.0,,,,,,,,,,,,,,,,,,,,,,,,,,,,,,,,,,,,,,,1611661324,2012,2012,True
100835-100915-100944-202632-202644,1611661324,"Erin Thorn, Lindsay Whalen, Rebekkah Brunson, Maya Moore, Amber Harris","Thorn, Whalen, Brunson, Moore, Harris",100835-100915-100944-202632-202644,MIN,120.0,1,2.0,2.0,2.0,2.0,4.0,2.0,4.0,3.0,,,,,,1.0,3.0,48.0,16.0,44.0,12.0,32.5,0.4,0.6,0.51425,5.0,,,2.0,1.0,1.0,1.0,,,,2.0,,,1.0,,,,,,,1.0,1.0,1.0,,5.0,1.0,2.0,1.0,1.0,,5.0,,,,,,,2.0,3.0,2.0,,,,,,1.0,1.0,,,,,3.0,,3.0,,,,,3.0,3.0,,,,,,,,,,,,,,,,,,,,,,,,,,,,,1.0,1.0,1.0,1.0,0.25,0.5,,0.5,0.8333333333333334,,0.5,0.8333333333333334,,0.2,,,,,,,,,1.0,,,,1.0,1.0,1.0,,,,,,,,,,0.5,0.5,,0.4,,,,,,,,0.2,,,,,0.3333333333333333,1.0,,,,,,,,,,0.5537833333333334,,,,,1.0,,22.0,,,1.0,,,,1.0,1.0,1.0,1.0,,,,,,,,1.0,,,,,,,,,,,,,0.3333333333333333,,,1.0,1.0,1.0,,,,,1611661324,2012,2012,True
100835-100915-202257-202632-203016,1611661324,"Erin Thorn, Lindsay Whalen, Monica Wright, Maya Moore, Devereaux Peters","Thorn, Whalen, Wright, Moore, Peters",100835-100915-202257-202632-203016,MIN,242.0,1,4.0,,8.0,7.0,15.0,3.0,6.0,9.0,,,,,,,,89.25619834710744,16.25,16.0,15.5,11.857142857142858,0.3333333333333333,0.6666666666666666,0.4842,8.683333333333334,,,1.0,1.0,,,,,,1.0,,2.0,1.0,,1.0,2.0,,1.0,,1.0,2.0,3.0,1.0,9.0,,,,1.0,,,,,,,,2.0,,6.0,,2.0,1.0,,,1.0,2.0,3.0,1.0,1.0,,,8.0,,1.0,1.0,2.0,,3.0,1.0,4.0,1.0,,,,,,,1.0,,,,1.0,1.0,1.0,,,1.0,,1.0,1.0,,9.0,,,,,1.0,1.0,1.0,0.6666666666666666,,0.6666666666666666,0.16666666666666666,,,0.4444444444444444,,,0.5,,,0.3333333333333333,,,,,,,,0.5,0.2,0.3333333333333333,,0.42857142857142855,0.16666666666666666,0.5,,,,,1.0,0.3333333333333333,,1.0,0.16666666666666666,,0.3333333333333333,0.3333333333333333,1.0,0.1111111111111111,,,,0.2222222222222222,,,,0.1111111111111111,0.2222222222222222,0.5,0.5,1.0,,,,1.0,,,,,,,0.5,0.5874,,0.1111111111111111,0.16666666666666666,,,,21.96666666666667,,,1.0,,,,1.0,1.0,1.0,1.0,,,,,,,,,,,,,,,,,,,,,,,,,,,,,,,1611661324,2012,2012,True
100835-200671-201499-202257-202632,1611661324,"Erin Thorn, Seimone Augustus, Candice Wiggins, Monica Wright, Maya Moore","Thorn, Augustus, Wiggins, Wright, Moore",100835-200671-201499-202257-202632,MIN,7.0,1,,,1.0,1.0,2.0,,,,,,,,,,,411.42857142857144,,7.0,,7.0,,,,,1.0,1.0,,,,,,,,,,,,,,,,,,,,,,,,,,,,,,,,,,,,,,,,,,,,,,,,,,,,,1.0,,1.0,,1.0,,,,,,,,,,,,,,,,,,,,,,,,1.0,,,,,,,,,,,,,,,,,,,,,,,,,,1.0,,,,1.0,,,,,,,1.0,,,,,,,,,,,,,,,,,,,,,,,,,,,,,,,,,,,,,,,,,1.0,,,,,,,,,,,,,,,,,,,,,,,,,,,,,,,,,,,,,,,,1611661324,2012,2012,True
100835-200671-201499-202632-202644,1611661324,"Erin Thorn, Seimone Augustus, Candice Wiggins, Maya Moore, Amber Harris","Thorn, Augustus, Wiggins, Moore, Harris",100835-200671-201499-202632-202644,MIN,187.0,3,3.0,-9.0,7.0,7.0,14.0,2.0,4.0,13.0,,,1.0,1.0,1.0,1.0,1.0,107.80748663101605,15.142857142857142,11.571428571428571,15.142857142857142,10.714285714285714,0.4,0.6,0.47626999999999997,6.85,6.0,2.0,,1.0,,,1.0,1.0,,1.0,,1.0,1.0,1.0,,,,,,1.0,,1.0,2.0,4.0,,,,,,,1.0,3.0,1.0,2.0,4.0,2.0,,,,,,,,1.0,,1.0,,1.0,,,2.0,,,,2.0,,2.0,,2.0,,,,,,,1.0,1.0,,,,2.0,,1.0,,,,,,,,4.0,4.0,6.0,,,1.0,1.0,,,,,0.25,,0.3333333333333333,0.2,,0.25,0.3333333333333333,,0.4,0.2,,,,,,,,1.0,,,,1.0,,,,,,,,1.0,,,,,0.5,0.5,1.0,0.2,,,,0.2,,,,0.2,,,,,,,,,,,0.25,1.0,0.25,,,,0.4568375,0.16666666666666666,0.2,,,1.0,21.6,0.8571428571428571,,,,,,,,,,,,,,,,,,,,,,,,,,,,,,,,,,,,,,,,1611661324,2012,2012,True
100835-201499-201882-202257-202644,1611661324,"Erin Thorn, Candice Wiggins, Jessica Adair, Monica Wright, Amber Harris","Thorn, Wiggins, Adair, Wright, Harris",100835-201499-201882-202257-202644,MIN,779.0,7,13.0,11.0,29.0,26.0,55.0,11.0,16.0,13.0,6.0,5.0,,,1.0,3.0,7.0,101.66880616174583,12.862068965517242,15.615384615384615,11.724137931034482,14.884615384615385,0.39285714285714285,0.8214285714285714,0.5234074074074074,4.875,15.0,17.0,5.0,5.0,2.0,2.0,2.0,4.0,,3.0,,2.0,3.0,1.0,4.0,9.0,1.0,3.0,5.0,5.0,4.0,12.0,2.0,24.0,2.0,2.0,1.0,3.0,,7.0,2.0,8.0,6.0,2.0,18.0,,10.0,9.0,4.0,8.0,4.0,,,,3.0,3.0,3.0,,,,9.0,,4.0,3.0,7.0,2.0,12.0,5.0,17.0,1.0,1.0,1.0,1.0,,,,3.0,,,1.0,4.0,,1.0,,1.0,,,,,,17.0,18.0,15.0,1.0,1.0,,,0.75,0.3333333333333333,0.3333333333333333,0.36363636363636365,0.3125,1.0,0.25,0.39285714285714285,0.7,0.5714285714285714,0.4,0.7,0.6,0.42857142857142855,,,,,,1.0,1.0,0.7777777777777778,0.36363636363636365,1.0,,0.8333333333333334,0.2222222222222222,0.5,,0.5,,,0.5,1.0,0.6666666666666666,1.0,0.05555555555555555,,0.45454545454545453,0.45454545454545453,,0.10714285714285714,,,,0.07142857142857142,,,,0.10714285714285714,0.32142857142857145,0.4444444444444444,0.4444444444444444,0.75,0.4,1.0,,0.6,0.3333333333333333,1.0,0.2857142857142857,0.5,0.07142857142857142,0.35714285714285715,0.5,0.5681700000000001,0.48251428571428573,0.034482758620689655,0.058823529411764705,,0.2916666666666667,0.75,23.599999999999998,0.5172413793103449,1.0,,3.0,,1.0,,,,,,1.0,,1.0,0.3333333333333333,,,,,4.0,4.0,,,,,,,,0.6666666666666666,,,,0.8,,,,,,,,1611661324,2012,2012,True
100835-201499-202257-202632-203016,1611661324,"Erin Thorn, Candice Wiggins, Monica Wright, Maya Moore, Devereaux Peters","Thorn, Wiggins, Wright, Moore, Peters",100835-201499-202257-202632-203016,MIN,3.0,1,,,,,,,,,,,,,,,,,,,,,,,,,,,,,,,,,,,,,,,,,,,,,,,,,,,,,,,,,,,,,,,,,,,,,,,,,,,,,,,,,,,,,,,,,,,,,,,,,,,,,,,,,,,,,,,,,,,,,,,,,,,,,,,,,,,,,,,,,,,,,,,,,,,,,,,,,,,,,,,,,,,,,,,,,,,,,,,,,,,,,,,,,,,,,,,,,,,,,,,,,,,,,,,,,,,,,,,,,,,,,,,,,1611661324,2012,2012,True
100915-100944-200671-202632-202644,1611661324,"Lindsay Whalen, Rebekkah Brunson, Seimone Augustus, Maya Moore, Amber Harris","Whalen, Brunson, Augustus, Moore, Harris",100915-100944-200671-202632-202644,MIN,463.0,4,8.0,,15.0,17.0,32.0,8.0,13.0,15.0,3.0,2.0,1.0,2.0,4.0,,2.0,99.52483801295897,12.266666666666667,16.41176470588235,11.733333333333333,14.941176470588236,0.6153846153846154,0.6153846153846154,0.5481307692307692,6.084615384615384,,,3.0,4.0,2.0,3.0,,,1.0,2.0,1.0,3.0,,,,,,,,6.0,,,3.0,15.0,2.0,3.0,,,1.0,5.0,,,,,,6.0,6.0,,4.0,,,,,3.0,,3.0,,2.0,,1.0,6.0,,4.0,1.0,3.0,1.0,5.0,4.0,9.0,2.0,1.0,2.0,,2.0,,,4.0,,,,5.0,1.0,3.0,,,,,,,,10.0,,,,,0.5,0.75,,,,,0.46153846153846156,0.6666666666666666,,0.46153846153846156,0.6666666666666666,,0.5,0.625,,,,,,,,0.5,1.0,0.42857142857142855,0.5714285714285714,0.5,,0.4444444444444444,0.5714285714285714,1.0,,,,,0.6666666666666666,1.0,,0.5,0.2857142857142857,,0.5,0.5,0.5,0.15384615384615385,0.5,0.5,,0.23076923076923078,0.3333333333333333,0.3333333333333333,1.0,,,,,,1.0,0.6666666666666666,,,,,,,,,,0.5528333333333334,,0.2,0.2,,0.3333333333333333,,,,1.0,,,,,,,,,,,1.0,,,,,,,,,,,,,,,,,,,,,,,,,,,,1611661324,2012,2012,True
100915-100944-200671-201499-201882,1611661324,"Lindsay Whalen, Rebekkah Brunson, Seimone Augustus, Candice Wiggins, Jessica Adair","Whalen, Brunson, Augustus, Wiggins, Adair",100915-100944-200671-201499-201882,MIN,42.0,1,1.0,1.0,2.0,2.0,4.0,,1.0,1.0,1.0,1.0,,,,1.0,1.0,137.14285714285714,11.5,9.5,11.5,9.5,,,0.5147,12.4,,,,,,,,,,1.0,,,,,,,,,,,,,2.0,2.0,,,,,,,,,,,,,,,,,,,,,,,,,,,,,,,,,,,,,,,,,,,1.0,,,,2.0,,1.0,,,,,,,,2.0,,,,,,,,,,,,,,,,,0.5,,,,,,,,,,,,,,,,,,,,,,,,,,,,,,,1.0,,,,,,,,,,,,,,,,,,,,,,,,,,0.5,0.5,,,,,,,,,,,,,,,,,,,,,,,,,,,,,,,,,,,,,,,,,,,,,1611661324,2012,2012,True
100915-100944-201499-202257-202632,1611661324,"Lindsay Whalen, Rebekkah Brunson, Candice Wiggins, Monica Wright, Maya Moore","Whalen, Brunson, Wiggins, Wright, Moore",100915-100944-201499-202257-202632,MIN,237.0,2,4.0,2.0,6.0,7.0,13.0,2.0,3.0,6.0,1.0,1.0,,1.0,2.0,,1.0,78.9873417721519,16.833333333333332,19.428571428571427,16.833333333333332,17.428571428571427,0.4,0.8,0.5220875,8.233333333333333,2.0,3.0,,2.0,,,,,,,,1.0,,,1.0,2.0,,,2.0,2.0,1.0,2.0,1.0,8.0,,,,,,,,,2.0,,3.0,2.0,2.0,3.0,,1.0,1.0,,,1.0,1.0,2.0,1.0,1.0,,,5.0,,,1.0,3.0,,4.0,,4.0,,,1.0,,1.0,,1.0,1.0,,,,1.0,1.0,1.0,,,1.0,,1.0,1.0,1.0,8.0,3.0,2.0,,,0.5,0.5,1.0,0.5,,1.0,0.6666666666666666,,,0.7,,0.75,0.8,,0.75,0.4,,,,,,0.5,,0.75,,1.0,,0.8,,,,,,,1.0,1.0,,,,1.0,1.0,1.0,0.5,,,,,0.2,,,,,0.4,0.5,0.5,1.0,,,,,,,,,,1.0,1.0,,0.51945,0.2,0.3333333333333333,,,0.375,33.25,0.3333333333333333,,,,,1.0,,,,,,1.0,,,,,,,,1.0,1.0,,,1.0,,,,,0.5,,,,0.5,,,,,,,,1611661324,2012,2012,True
100915-200671-201499-202257-202632,1611661324,"Lindsay Whalen, Seimone Augustus, Candice Wiggins, Monica Wright, Maya Moore","Whalen, Augustus, Wiggins, Wright, Moore",100915-200671-201499-202257-202632,MIN,1.0,1,,,,,,,,,,,,,,,,,,,,,,,,,,,,,,,,,,,,,,,,,,,,,,,,,,,,,,,,,,,,,,,,,,,,,,,,,,,,,,,,,,,,,,,,,,,,,,,,,,,,,,,,,,,,,,,,,,,,,,,,,,,,,,,,,,,,,,,,,,,,,,,,,,,,,,,,,,,,,,,,,,,,,,,,,,,,,,,,,,,,,,,,,,,,,,,,,,,,,,,,,,,,,,,,,,,,,,,,,,,,,,,,,1611661324,2012,2012,True
100915-200671-201499-202257-202644,1611661324,"Lindsay Whalen, Seimone Augustus, Candice Wiggins, Monica Wright, Amber Harris","Whalen, Augustus, Wiggins, Wright, Harris",100915-200671-201499-202257-202644,MIN,8.0,1,,,1.0,,1.0,,,,,,,,,,,180.0,8.0,,8.0,,,1.0,0.3396,,,,,,,,,,,,,,1.0,,,,,,,,,1.0,,,,,,,,,,,,,,,,,,,,,,,,,,,,,,,,,,,,,,,,,,,,,,,,,,,,,,,,,,,,,,,,,,,,,,,,,,,,,,,1.0,,,,,,,,,,,,,,,,,,,,,,,,,,,,,,,,,,,,1.0,,,,,,,,,,,,,,,,,,,,,,,23.6,,,,,,,,,,,,,,,,,,,,,,,,,,,,,,,,,,,,,,,,,1611661324,2012,2012,True
100915-200671-201882-202632-203016,1611661324,"Lindsay Whalen, Seimone Augustus, Jessica Adair, Maya Moore, Devereaux Peters","Whalen, Augustus, Adair, Moore, Peters",100915-200671-201882-202632-203016,MIN,281.0,3,5.0,5.0,11.0,9.0,20.0,4.0,7.0,9.0,2.0,2.0,,,,1.0,2.0,102.49110320284697,13.454545454545455,14.777777777777779,13.454545454545455,14.0,0.4,0.7,0.5379050000000001,5.928571428571429,,3.0,,3.0,,,,,2.0,2.0,,1.0,,,,3.0,,,,5.0,,3.0,4.0,14.0,,,,,,,,,,,,10.0,,,,3.0,,,,5.0,,5.0,,3.0,2.0,,10.0,,,,2.0,,2.0,,2.0,,,,,,,,3.0,,,,5.0,2.0,2.0,1.0,,,,,,,14.0,,,,,1.0,1.0,,,,,0.7142857142857143,,,0.5,,,0.6363636363636364,,,0.3,,,,,,,,0.6666666666666666,,,,0.6666666666666666,,,,,,,,1.0,0.5,,,,0.75,0.75,1.0,0.2,1.0,1.0,1.0,0.1,,,,,0.3,,,,,,,,,,,,,,,,,0.2727272727272727,0.2857142857142857,0.25,,,23.03333333333333,,,,,,,,,,,,,,,,,,,,,,,,,,,,,,,,,,,,,,,,,1611661324,2012,2012,True
100915-201499-201882-202632-203016,1611661324,"Lindsay Whalen, Candice Wiggins, Jessica Adair, Maya Moore, Devereaux Peters","Whalen, Wiggins, Adair, Moore, Peters",100915-201499-201882-202632-203016,MIN,173.0,3,3.0,1.0,5.0,6.0,11.0,1.0,4.0,4.0,1.0,,1.0,1.0,1.0,,,91.5606936416185,15.4,16.0,15.4,15.0,0.16666666666666666,0.5,0.42325999999999997,9.675,3.0,4.0,,,,,,1.0,,2.0,1.0,1.0,1.0,1.0,,1.0,,,1.0,1.0,1.0,2.0,,5.0,,,,,,,1.0,2.0,2.0,,5.0,,2.0,3.0,,,,1.0,,,1.0,1.0,,,,,3.0,,1.0,,3.0,,3.0,1.0,4.0,,1.0,,,,,,1.0,,,,,,,,,1.0,1.0,,1.0,1.0,5.0,5.0,3.0,,,,,1.0,0.5,,1.0,0.25,,0.5,0.4166666666666667,,0.625,0.4166666666666667,,0.625,0.3333333333333333,,0.25,,0.5,,,,0.75,0.3333333333333333,,,0.75,0.3333333333333333,,0.5,,,,1.0,1.0,,,,1.0,,,,0.3333333333333333,,,,0.16666666666666666,1.0,1.0,,0.16666666666666666,0.16666666666666666,,,,,,,,,,0.25,,0.25,0.25,,,0.43226666666666663,,,,,1.0,40.15,0.6,,1.0,,,1.0,1.0,1.0,1.0,1.0,,,,,,,,,1.0,,1.0,,,,,,,,0.5,,,1.0,,,,,,,,,1611661324,2012,2012,True
100915-202257-202632-202644-203016,1611661324,"Lindsay Whalen, Monica Wright, Maya Moore, Amber Harris, Devereaux Peters","Whalen, Wright, Moore, Harris, Peters",100915-202257-202632-202644-203016,MIN,11.0,1,,,,1.0,1.0,,,,,,,,,,,130.9090909090909,,11.0,,11.0,,,,,,,,,,,,,,,,,,,,,,,,,,,,,,,,,,,,,,,,,,,,,,,,,,,,,,,,,,,,,,,,,,,,,,,1.0,,,1.0,,,,,,,,,,,,,,,,,,,,,,,,,,,,,,,,,,,,,,,,,,,,,,,,,,,,,,,,,,,,,,,,,,,,,,,,,,,,,,,,,,,,,,,,,,,,,,,,,,,,,,,,,,,,,,,,,,,,,,,,,,,,,,,,,,,1611661324,2012,2012,True
100944-200671-201499-201882-202257,1611661324,"Rebekkah Brunson, Seimone Augustus, Candice Wiggins, Jessica Adair, Monica Wright","Brunson, Augustus, Wiggins, Adair, Wright",100944-200671-201499-201882-202257,MIN,49.0,1,1.0,-2.0,1.0,2.0,3.0,,,2.0,,,,,1.0,,,88.16326530612245,22.0,13.5,22.0,5.5,,,,,,,,,,,,,,,,,,,,,,,,,,,,,,,,,,,,,,,,,,,,,,,,,,,,,,,,,,,1.0,,1.0,,1.0,,,1.0,,1.0,,,1.0,,,,,,,,,,,,,,,,,,,,,,,,,,,,,,,,,,,,,,,,1.0,,1.0,,,,0.5,,,,,,,1.0,,,,,,,,,,,,,,,,,,,,,,,,,,,,,,,,,,,,,,,,,,,,,,,,,,,,,,,,,,,,,,,,,,,,,,,,,,,,,,,,,1611661324,2012,2012,True
100944-201499-201882-202257-202632,1611661324,"Rebekkah Brunson, Candice Wiggins, Jessica Adair, Monica Wright, Maya Moore","Brunson, Wiggins, Adair, Wright, Moore",100944-201499-201882-202257-202632,MIN,31.0,1,1.0,-2.0,1.0,2.0,3.0,,1.0,2.0,,,,,,,1.0,139.3548387096774,15.0,8.0,15.0,8.0,,,0.3724,17.1,,2.0,,,,,,,,,,1.0,,,,,,,,,,,,,,,,,,,,,,,,,,,,,,,,,,,,,,,,,,,1.0,,1.0,,1.0,,,,,,,,,,,,,,,,,,,,,,,,,1.0,,,,,,,,,,,,,,,,,,,,,,,,,1.0,,,,1.0,,,,,,,,1.0,,,,,,,,,,,,1.0,,,,,,,,,,,,,,,,,,,,,,,,,,,,,1.0,,,,,,,,,,,,,,,,,,,,,,,,,,,,,,,,,,,,,,,1611661324,2012,2012,True
200671-201499-201882-202257-202644,1611661324,"Seimone Augustus, Candice Wiggins, Jessica Adair, Monica Wright, Amber Harris","Augustus, Wiggins, Adair, Wright, Harris",200671-201499-201882-202257-202644,MIN,319.0,2,5.0,-5.0,9.0,11.0,20.0,,4.0,9.0,1.0,1.0,1.0,3.0,3.0,,2.0,90.28213166144201,19.11111111111111,13.363636363636363,19.0,11.090909090909092,,0.5,0.4715875,12.5,1.0,6.0,1.0,,,,,,1.0,2.0,1.0,2.0,,,,4.0,,,,2.0,,4.0,,4.0,1.0,1.0,,,,2.0,,1.0,,,,,4.0,,2.0,4.0,,,,,,,,,,,,1.0,,,2.0,,2.0,1.0,3.0,,,,,,,,3.0,1.0,,1.0,2.0,,,,1.0,,,,,,2.0,,1.0,,1.0,,,,,,,0.5,1.0,,0.25,1.0,,0.2222222222222222,1.0,,0.5,,,,,,,,0.6666666666666666,,,0.3333333333333333,0.5,0.2,,,,0.3333333333333333,,,0.5,1.0,,,,,,,0.25,0.5,0.5,,0.25,0.5,0.5,,,0.5,,,,,,,,,,,,,,,,0.4018,,,,0.5,,21.925,0.1111111111111111,1.0,,,,,,,,,,,,,,,,,,,,,,,,,,,,,,,,,,,,,,,1611661324,2012,2012,True
100412-100915-200671-201499-202644,1611661324,"Taj McWilliams-Franklin, Lindsay Whalen, Seimone Augustus, Candice Wiggins, Amber Harris","McWilliams-Franklin, Whalen, Augustus, Wiggins, Harris",100412-100915-200671-201499-202644,MIN,265.0,2,4.0,1.0,10.0,9.0,19.0,1.0,5.0,5.0,3.0,3.0,1.0,3.0,3.0,,2.0,103.24528301886792,12.5,15.555555555555555,12.5,15.555555555555555,0.2,0.2,0.43201999999999996,13.9,1.0,7.0,,,,,,,,,2.0,4.0,,,,,,,,2.0,,,2.0,6.0,,,,,,,,,,,,4.0,,,,,,1.0,,2.0,,2.0,,,,2.0,4.0,,,,3.0,,3.0,,3.0,,,,,,,1.0,1.0,,,,2.0,,1.0,,,,,,,,6.0,,1.0,,,1.0,1.0,,,,,0.4,,,0.4,,,0.5,,,,,0.2,1.0,,,,,1.0,,,,1.0,,,,,,,1.0,1.0,1.0,,,,,,,,,,,0.8,0.5,0.5,1.0,,,,,,,,,,,,,,,,,,,0.16666666666666666,0.16666666666666666,,,,,0.1,,,,,,,,,,,,1.0,,,,,,,,,1.0,,,,,,,,,,,,,,,,,,,1611661324,2012,2012,True
100412-100915-201882-202257-202632,1611661324,"Taj McWilliams-Franklin, Lindsay Whalen, Jessica Adair, Monica Wright, Maya Moore","McWilliams-Franklin, Whalen, Adair, Wright, Moore",100412-100915-201882-202257-202632,MIN,175.0,1,3.0,-4.0,5.0,5.0,10.0,2.0,3.0,9.0,1.0,,,1.0,1.0,,2.0,82.28571428571429,19.4,15.6,16.6,14.8,0.5,0.75,0.53005,4.233333333333333,5.0,,1.0,1.0,,,1.0,2.0,,1.0,,,1.0,1.0,,,,,,1.0,1.0,1.0,,5.0,,,1.0,1.0,,3.0,1.0,3.0,1.0,,5.0,2.0,,3.0,,,,1.0,,1.0,1.0,2.0,,1.0,,,5.0,,,,,,,1.0,1.0,,1.0,,,,,1.0,,,,,,,,,,,,,,,2.0,5.0,5.0,,,1.0,1.0,1.0,1.0,1.0,1.0,0.3333333333333333,,0.3333333333333333,0.625,1.5,0.625,0.625,1.5,0.625,0.25,,0.3333333333333333,0.5,,,,,,,,,,,,,,,,,,,,,,0.5,1.0,1.0,0.25,,,,,,,,0.25,,,,,,,,,,,0.5,0.5,0.25,,,0.7203,0.53005,,,,0.6,1.0,22.0,1.0,,1.0,,,,1.0,1.0,1.0,1.0,,,,1.0,1.0,1.0,,1.0,1.0,,1.0,,,,,,,,1.0,,1.0,1.0,,1.0,1.0,1.0,,,,,1611661324,2012,2012,True
100412-200671-201499-201882-202632,1611661324,"Taj McWilliams-Franklin, Seimone Augustus, Candice Wiggins, Jessica Adair, Maya Moore","McWilliams-Franklin, Augustus, Wiggins, Adair, Moore",100412-200671-201499-201882-202632,MIN,40.0,1,1.0,-3.0,2.0,2.0,4.0,,1.0,3.0,,,1.0,1.0,1.0,,,144.0,14.0,6.0,14.0,6.0,,,0.3719,4.1,,,,,,,,,,1.0,,,,,,,,,,,,,,,,,,,,,,,,,,,,,,,,,,,,,,,,,,,,,1.0,,1.0,,1.0,,,,,,,,,,,,,,,,,,,,,1.0,,,,,,,,,,,,,,,,,,,,,,,,,,,,,1.0,,,,1.0,,,,,,,,1.0,,,,,,,,1.0,,,,,,,,,,,,,,,,,,,,,,,,,,,,,,,,,,,,,,,,,,,,,,,,,,,,,,,,,,,,,,,,,,,,,,,,1611661324,2012,2012,True
100915-100944-200671-202257-203016,1611661324,"Lindsay Whalen, Rebekkah Brunson, Seimone Augustus, Monica Wright, Devereaux Peters","Whalen, Brunson, Augustus, Wright, Peters",100915-100944-200671-202257-203016,MIN,362.0,5,6.0,8.0,14.0,13.0,27.0,2.0,7.0,10.0,1.0,1.0,,2.0,2.0,1.0,3.0,107.40331491712708,9.571428571428571,17.53846153846154,9.571428571428571,16.76923076923077,0.16666666666666666,0.5833333333333334,0.4520954545454545,9.685714285714285,3.0,6.0,,,,,,,2.0,3.0,1.0,2.0,1.0,,3.0,4.0,,,1.0,3.0,3.0,5.0,3.0,18.0,,,,,,,1.0,2.0,1.0,,2.0,4.0,2.0,3.0,,4.0,3.0,,,2.0,1.0,3.0,1.0,,1.0,1.0,7.0,,,,4.0,1.0,5.0,,5.0,,,,,,,1.0,4.0,,,1.0,4.0,2.0,3.0,,,,,,,,18.0,2.0,3.0,1.0,,0.6666666666666666,0.6666666666666666,0.3333333333333333,0.6,,0.6,0.42857142857142855,,0.5,0.625,,0.3333333333333333,0.6923076923076923,,0.3333333333333333,0.4166666666666667,,,,,,,1.0,0.5,,,,0.5,,,,,,,1.0,0.3333333333333333,0.3333333333333333,,,,,,,0.25,0.6666666666666666,0.6666666666666666,0.5,0.16666666666666666,0.5,0.5,1.0,0.08333333333333333,0.3333333333333333,0.75,0.75,0.3333333333333333,,,,,,,,,,0.3333333333333333,0.75,,0.39635,0.23076923076923078,0.375,,,0.1111111111111111,27.28,0.21428571428571427,,,6.0,,,,,,,,,1.0,,,,,,,,,1.0,,,,,,,,,,,,,,,,,,,1611661324,2012,2012,True
100915-200671-202257-202644-203016,1611661324,"Lindsay Whalen, Seimone Augustus, Monica Wright, Amber Harris, Devereaux Peters","Whalen, Augustus, Wright, Harris, Peters",100915-200671-202257-202644-203016,MIN,32.0,1,1.0,,1.0,,1.0,,1.0,,,,,,,,,45.0,21.0,,21.0,,,,0.3364,15.0,,,,,,,,,,,,1.0,,,,,,,,,,,,,,,,,,,,,,,,,,,,,,,,,,,,,,,,,,,,,,,,,,,,,,,,,,,,,,,,1.0,,1.0,1.0,,,,,,,,,,,,,,,,,,,,,,,,,,,,,,,,,,,,,,,,,,,,,,,,,,,,,,1.0,,,,,,,,,,,,,,,,,,,,,,,,,,,,,,,,,,,,,,,,,,,,,,,,,,,,,,,,,,,,,,,,,,,,1611661324,2012,2012,True
100944-200671-201499-202632-202644,1611661324,"Rebekkah Brunson, Seimone Augustus, Candice Wiggins, Maya Moore, Amber Harris","Brunson, Augustus, Wiggins, Moore, Harris",100944-200671-201499-202632-202644,MIN,439.0,4,7.0,,14.0,15.0,29.0,4.0,8.0,11.0,1.0,,,1.0,5.0,2.0,3.0,95.125284738041,13.857142857142858,16.333333333333332,12.714285714285714,14.866666666666667,0.4,0.6,0.49924,6.075,,13.0,1.0,3.0,,,,,1.0,3.0,,1.0,,,1.0,2.0,,,,4.0,1.0,2.0,,11.0,,,,,,,,,,,,4.0,4.0,3.0,,2.0,1.0,,,2.0,1.0,3.0,1.0,2.0,,,7.0,,1.0,5.0,2.0,1.0,8.0,1.0,9.0,,1.0,4.0,2.0,2.0,1.0,,,,,,,,,,,1.0,1.0,,1.0,,11.0,,,,,0.5,0.5,1.0,0.5,,0.5,0.5,,,0.55,,,0.55,,,0.2,,,,,,0.8,1.0,0.4,0.25,0.8333333333333334,,0.6363636363636364,0.2,1.0,,,,,,1.0,0.5,1.0,,,0.75,0.75,0.6666666666666666,0.3,0.3333333333333333,0.3333333333333333,,0.1,,,,,0.2,0.5,0.5,1.0,,,,,,,,,,,0.5,,,,,,,,22.75,,,,,,,,,,,,0.5,1.0,,,,,,,,,,,,,,,,,,,,,,,,,,,,1611661324,2012,2012,True
200671-201499-201882-202257-202632,1611661324,"Seimone Augustus, Candice Wiggins, Jessica Adair, Monica Wright, Maya Moore","Augustus, Wiggins, Adair, Wright, Moore",200671-201499-201882-202257-202632,MIN,78.0,2,1.0,-4.0,2.0,4.0,6.0,1.0,2.0,6.0,,,,,,1.0,2.0,110.76923076923076,15.5,11.75,15.5,11.75,0.5,0.5,0.52765,8.25,,1.0,,1.0,,,,,,,,1.0,,,,,,,,1.0,,,,2.0,,,,,,,,,,,,2.0,,,,,,,,1.0,,1.0,,1.0,,,2.0,,,1.0,,,1.0,,1.0,,,,,,,,,,,,,,,,,,,,,,2.0,,,1.0,,1.0,1.0,,,,,0.5,,,0.5,,,0.5,,,,,,,,,,,,,1.0,,1.0,,,,,,,,,,,,,1.0,1.0,1.0,,,,,0.5,,,,,,,,,,,,,,,,,,,,,,,,,,,,,,,,,,,,,,,1.0,,,,,,,,,,,1.0,,,,,,,,,,,,,,,,,,1611661324,2012,2012,True
201499-201882-202257-202644-203016,1611661324,"Candice Wiggins, Jessica Adair, Monica Wright, Amber Harris, Devereaux Peters","Wiggins, Adair, Wright, Harris, Peters",201499-201882-202257-202644-203016,MIN,6.0,1,,,1.0,,1.0,,,,,,,,,,,240.0,6.0,,6.0,,,1.0,0.22605,,1.0,,,,,,,,,,,,,,,1.0,,,1.0,,,1.0,,,,,,,,,,,1.0,,,,,,,1.0,,,,,,,,,,,,,,,,,,,,,,,,,,,,,,,,,,,,,,,,,,,1.0,,,,,,,,,,,,,,,,,,1.0,,,,,,,,,,,,,,,,,,,,,,,,,,,,,,,,,,,,,1.0,,,,,,,,,,,,,1.0,,,0.22605,,,,,,29.6,1.0,,,,,,,,,,,,,,,,,,,,,,,,,,,,,,,,,,,,,,,,1611661324,2012,2012,True
100412-100915-201499-202632-202644,1611661324,"Taj McWilliams-Franklin, Lindsay Whalen, Candice Wiggins, Maya Moore, Amber Harris","McWilliams-Franklin, Whalen, Wiggins, Moore, Harris",100412-100915-201499-202632-202644,MIN,76.0,1,1.0,-2.0,3.0,4.0,7.0,2.0,3.0,4.0,1.0,1.0,,,,1.0,1.0,132.63157894736844,10.666666666666666,11.0,10.666666666666666,11.0,0.6666666666666666,0.6666666666666666,0.5806,3.1333333333333333,,,,,,,,,1.0,1.0,,,,,,,,,,1.0,,,,2.0,,,,,,,,,,,,,2.0,,,,,,,,,,,,,,,,,1.0,,,1.0,,1.0,,,,,,,,,,,,,,,,,,,,,,2.0,,,,,,,,,,,0.3333333333333333,,,0.3333333333333333,,,0.3333333333333333,,,,,,,,,,,,,1.0,,1.0,,,,,,,,,,,,,,,,0.3333333333333333,1.0,1.0,,,,,,,,,,,,,,,,,,,,,,,,,,,,,,,,,,,,,,,,,1.0,,,,,,,,,,,,,,,,,,,,,,,,,,,,,1611661324,2012,2012,True
100915-100944-200671-201882-202632,1611661324,"Lindsay Whalen, Rebekkah Brunson, Seimone Augustus, Jessica Adair, Maya Moore","Whalen, Brunson, Augustus, Adair, Moore",100915-100944-200671-201882-202632,MIN,672.0,2,11.0,5.0,19.0,19.0,38.0,4.0,9.0,18.0,4.0,2.0,3.0,3.0,5.0,3.0,6.0,81.42857142857143,18.42105263157895,16.94736842105263,15.68421052631579,16.842105263157894,0.25,0.6875,0.48863125,9.077777777777778,5.0,,4.0,3.0,,,1.0,1.0,,1.0,4.0,4.0,3.0,1.0,1.0,4.0,1.0,1.0,,7.0,2.0,7.0,3.0,23.0,1.0,1.0,1.0,2.0,,5.0,2.0,2.0,1.0,,4.0,6.0,8.0,3.0,,4.0,1.0,1.0,,3.0,1.0,4.0,,2.0,,1.0,9.0,3.0,1.0,,5.0,,5.0,4.0,9.0,,2.0,2.0,2.0,,1.0,2.0,3.0,,,,4.0,,2.0,,,,,,,,18.0,4.0,5.0,,,0.42857142857142855,0.42857142857142855,0.5,0.2857142857142857,0.5,0.2857142857142857,0.7777777777777778,1.0,1.0,0.625,0.8333333333333334,0.6666666666666666,0.6388888888888888,0.8333333333333334,0.6666666666666666,0.4375,,0.1111111111111111,,1.0,,0.4,,0.7142857142857143,0.5,,0.6,0.7142857142857143,0.5714285714285714,,1.0,,0.6666666666666666,0.5,1.0,0.5,1.0,,,,0.75,0.75,0.6666666666666666,0.0625,,,,0.25,1.0,1.0,0.25,0.1875,0.25,0.25,0.25,,,,,0.3333333333333333,1.0,,0.3333333333333333,1.0,0.3333333333333333,,0.25,0.4224,0.4748666666666667,0.1111111111111111,0.18181818181818182,,0.21739130434782608,0.17391304347826086,22.0,0.2631578947368421,,1.0,3.0,,,1.0,0.3333333333333333,0.3333333333333333,1.0,,,,,,,,1.0,,,,,1.0,,,,,,,,0.3333333333333333,,,,,,,,,,1611661324,2012,2012,True
100915-100944-201499-202257-203016,1611661324,"Lindsay Whalen, Rebekkah Brunson, Candice Wiggins, Monica Wright, Devereaux Peters","Whalen, Brunson, Wiggins, Wright, Peters",100915-100944-201499-202257-203016,MIN,532.0,7,9.0,,15.0,17.0,32.0,8.0,12.0,18.0,2.0,2.0,,3.0,4.0,3.0,6.0,86.61654135338345,18.6,14.882352941176471,17.066666666666666,14.352941176470589,0.47058823529411764,0.7647058823529411,0.5052,5.716666666666666,2.0,5.0,5.0,5.0,1.0,1.0,2.0,2.0,1.0,1.0,,3.0,1.0,,,4.0,,1.0,,6.0,1.0,5.0,3.0,18.0,2.0,3.0,,1.0,3.0,7.0,2.0,2.0,,,4.0,4.0,8.0,3.0,2.0,4.0,,,,2.0,1.0,3.0,,2.0,,,7.0,2.0,4.0,2.0,3.0,,5.0,6.0,11.0,,,1.0,1.0,,1.0,,3.0,,,,4.0,,2.0,,,1.0,1.0,,1.0,1.0,11.0,4.0,2.0,1.0,,0.3333333333333333,0.4,1.0,0.2,,0.2,0.5,0.6666666666666666,1.0,0.4411764705882353,0.5,1.0,0.47368421052631576,0.5833333333333334,1.0,0.29411764705882354,,,,,,0.25,,1.0,0.6666666666666666,1.0,0.6666666666666666,1.0,0.6666666666666666,0.6666666666666666,,0.6666666666666666,0.6666666666666666,,1.0,,,1.0,,1.0,0.625,0.625,0.4,0.058823529411764705,1.0,1.0,,0.17647058823529413,,,,0.058823529411764705,0.23529411764705882,,,,0.25,1.0,,0.25,,,1.0,1.0,,,,0.4398666666666667,0.64345,0.10526315789473684,0.14285714285714285,,0.3888888888888889,0.2222222222222222,23.66,0.13333333333333333,,1.0,,,,1.0,1.0,1.0,1.0,,,,,,,,,,,,1.0,,1.0,,,,,,,,,,,,,,,,,1611661324,2012,2012,True
100915-200671-201499-202632-202644,1611661324,"Lindsay Whalen, Seimone Augustus, Candice Wiggins, Maya Moore, Amber Harris","Whalen, Augustus, Wiggins, Moore, Harris",100915-200671-201499-202632-202644,MIN,589.0,3,10.0,-6.0,24.0,23.0,47.0,5.0,8.0,30.0,1.0,1.0,2.0,4.0,6.0,3.0,6.0,114.90662139219016,12.375,12.695652173913043,12.208333333333334,12.695652173913043,0.3333333333333333,0.8,0.5194500000000001,5.2125,2.0,13.0,1.0,4.0,,,1.0,1.0,1.0,2.0,,1.0,1.0,1.0,2.0,6.0,,,,5.0,3.0,7.0,5.0,24.0,,1.0,,,,,1.0,1.0,1.0,1.0,6.0,2.0,8.0,9.0,,6.0,2.0,,,1.0,3.0,4.0,2.0,,1.0,,11.0,1.0,,1.0,5.0,1.0,7.0,1.0,8.0,,,2.0,2.0,,,,4.0,,,,7.0,1.0,4.0,,,,,,,,24.0,6.0,2.0,2.0,,0.2,0.2,1.0,0.42857142857142855,,0.42857142857142855,0.625,,1.0,0.6333333333333333,,1.25,0.6666666666666666,,1.5,0.4666666666666667,,,,,,0.3333333333333333,1.0,1.0,,1.0,0.25,1.0,0.14285714285714285,,,,0.25,,1.0,1.0,1.0,,,,0.8,0.8,,0.13333333333333333,0.5,0.5,1.0,0.06666666666666667,,,,0.06666666666666667,0.4,0.3333333333333333,0.3333333333333333,1.0,,,,,,,0.5,1.0,0.5,,0.3333333333333333,,0.5936,0.2222222222222222,0.36363636363636365,,,0.25,22.157142857142855,0.08333333333333333,1.0,1.0,,,,1.0,1.0,1.0,1.0,,1.0,1.0,,,,1.0,,1.0,,1.0,,,,1.0,,,,1.0,,,1.0,,,,,,,,,1611661324,2012,2012,True
100915-201499-202257-202632-203016,1611661324,"Lindsay Whalen, Candice Wiggins, Monica Wright, Maya Moore, Devereaux Peters","Whalen, Wiggins, Wright, Moore, Peters",100915-201499-202257-202632-203016,MIN,543.0,1,9.0,-11.0,14.0,14.0,28.0,4.0,8.0,24.0,,,,1.0,5.0,3.0,6.0,74.25414364640883,21.285714285714285,17.5,16.642857142857142,16.571428571428573,0.3333333333333333,0.6666666666666666,0.4895541666666667,6.1625,4.0,5.0,3.0,3.0,,,1.0,1.0,,3.0,,1.0,,,2.0,4.0,,1.0,3.0,3.0,2.0,4.0,1.0,13.0,,1.0,,1.0,,,1.0,1.0,3.0,,5.0,6.0,,6.0,,4.0,2.0,,,3.0,2.0,5.0,2.0,3.0,,,12.0,2.0,2.0,,3.0,,3.0,4.0,7.0,,,4.0,3.0,1.0,2.0,2.0,5.0,,1.0,,2.0,,1.0,,,1.0,1.0,,1.0,,13.0,5.0,4.0,,1.0,1.0,1.0,1.0,0.5,,0.5,0.375,,1.0,0.5,,0.625,0.5,,0.625,0.3333333333333333,,,,,,0.8,,0.375,0.4,,1.0,0.375,0.5714285714285714,1.0,0.3333333333333333,,1.0,,0.2857142857142857,,1.0,,,,0.75,0.75,1.0,0.25,,,,0.08333333333333333,,,,,0.3333333333333333,0.5,0.5,1.0,,,,0.5,,,0.25,1.0,,0.75,0.5,0.4272,0.53895,0.07692307692307693,0.1111111111111111,,,0.38461538461538464,21.95,0.2857142857142857,1.0,,,,,,,,,,,,,,,,,,1.0,1.0,,1.0,1.0,,,,,0.3333333333333333,,,,0.3333333333333333,,,,,,,,1611661324,2012,2012,True
200671-201499-201882-202257-203016,1611661324,"Seimone Augustus, Candice Wiggins, Jessica Adair, Monica Wright, Devereaux Peters","Augustus, Wiggins, Adair, Wright, Peters",200671-201499-201882-202257-203016,MIN,645.0,5,11.0,4.0,21.0,22.0,43.0,7.0,19.0,21.0,4.0,2.0,,1.0,3.0,4.0,6.0,96.0,15.571428571428571,14.454545454545455,13.476190476190476,13.863636363636363,0.3181818181818182,0.45454545454545453,0.4656340909090909,6.431578947368421,11.0,6.0,6.0,3.0,1.0,1.0,3.0,6.0,4.0,9.0,1.0,3.0,,,1.0,3.0,,,1.0,8.0,1.0,3.0,6.0,25.0,1.0,4.0,,,4.0,6.0,5.0,10.0,1.0,6.0,16.0,8.0,8.0,3.0,2.0,3.0,1.0,1.0,,4.0,1.0,5.0,1.0,2.0,2.0,,11.0,1.0,5.0,1.0,4.0,1.0,6.0,7.0,13.0,,2.0,2.0,2.0,,1.0,,8.0,,1.0,,8.0,,2.0,,2.0,2.0,,2.0,2.0,1.0,19.0,16.0,11.0,,3.0,0.5,0.5714285714285714,1.0,0.3333333333333333,,0.3333333333333333,0.42105263157894735,0.25,0.5,0.4318181818181818,0.25,0.45454545454545453,0.4807692307692308,0.5,0.5333333333333333,0.13636363636363635,,0.05263157894736842,0.14285714285714285,,,0.6666666666666666,1.0,0.6666666666666666,0.5,1.0,0.5,0.7142857142857143,0.5,0.5,0.5,0.5,0.5,,1.0,0.5,1.0,1.0,,0.5,0.42857142857142855,0.5,0.6666666666666666,0.4090909090909091,0.4444444444444444,0.4444444444444444,0.5,0.13636363636363635,0.3333333333333333,0.3333333333333333,,,0.13636363636363635,0.3333333333333333,0.3333333333333333,1.0,0.25,1.0,,,,,0.5454545454545454,0.5,,0.09090909090909091,0.3333333333333333,0.426225,0.5296409090909091,0.08333333333333333,0.09523809523809523,,0.24,0.64,21.666666666666668,0.5238095238095238,,,,,,,,,,,,,1.0,0.5,,,,,,,1.0,1.0,,,,,,,,,,,,,,,,,,1611661324,2012,2012,True
201499-202257-202632-202644-203016,1611661324,"Candice Wiggins, Monica Wright, Maya Moore, Amber Harris, Devereaux Peters","Wiggins, Wright, Moore, Harris, Peters",201499-202257-202632-202644-203016,MIN,592.0,5,10.0,13.0,19.0,19.0,38.0,9.0,12.0,12.0,1.0,,1.0,1.0,3.0,1.0,2.0,92.43243243243242,13.842105263157896,17.31578947368421,12.789473684210526,16.63157894736842,0.6,0.8,0.5287000000000001,4.158333333333333,6.0,10.0,3.0,7.0,1.0,2.0,1.0,3.0,1.0,2.0,,1.0,,,1.0,3.0,,,1.0,8.0,1.0,3.0,6.0,25.0,2.0,3.0,,,1.0,5.0,1.0,4.0,1.0,3.0,8.0,6.0,10.0,3.0,2.0,3.0,1.0,1.0,,3.0,1.0,4.0,1.0,3.0,,,9.0,1.0,3.0,4.0,5.0,1.0,10.0,4.0,14.0,1.0,1.0,2.0,1.0,1.0,,,9.0,1.0,,,10.0,,5.0,,,1.0,1.0,,1.0,1.0,20.0,8.0,6.0,,,0.375,0.42857142857142855,1.0,0.3333333333333333,,0.3333333333333333,0.6666666666666666,0.6666666666666666,0.25,0.6333333333333333,0.6666666666666666,0.5,0.625,0.625,0.5,0.2,,0.08333333333333333,0.1111111111111111,,,0.6666666666666666,1.0,0.7142857142857143,0.75,0.6666666666666666,0.5,0.6923076923076923,0.6666666666666666,1.0,1.0,,0.5,,1.0,0.5,1.0,0.6,0.2,1.0,0.7777777777777778,0.875,0.42857142857142855,0.13333333333333333,0.5,0.5,,0.06666666666666667,,,,,0.2,0.3333333333333333,0.3333333333333333,1.0,0.6666666666666666,0.5,,,,,0.6,0.3333333333333333,,0.2,0.3333333333333333,0.56215,0.50554,0.25,0.29411764705882354,,0.2,0.32,23.099999999999998,0.3157894736842105,1.0,,,,,,,,,,1.0,,,,,,,,1.0,1.0,,,,,,,,1.0,,,,1.0,,,,,,,,1611661324,2012,2012,True
100412-100835-100915-202257-202632,1611661324,"Taj McWilliams-Franklin, Erin Thorn, Lindsay Whalen, Monica Wright, Maya Moore","McWilliams-Franklin, Thorn, Whalen, Wright, Moore",100412-100835-100915-202257-202632,MIN,57.0,1,1.0,2.0,1.0,2.0,3.0,,1.0,,,,,,,,,75.78947368421053,22.0,17.5,22.0,17.5,,,0.4266,15.1,,,,,,,,,,,1.0,1.0,,,,,,,,1.0,,,,2.0,,,,,,,,,,,,2.0,,,,,,,,1.0,,1.0,,,,1.0,2.0,,,,2.0,,2.0,,2.0,,,,,,,,1.0,,,,,,,,,,,,,,2.0,,,,,1.0,1.0,,,,,1.0,,,1.0,,,1.0,,,,,,,,,,,1.0,,,,1.0,,,,,,,1.0,,,,,,,,,,,,,1.0,1.0,1.0,1.0,,,,,,,,,,,,,,,,,,,,,,,,,,,,,,,,,,,,,,,,,,,,,,,,,,,,,,,,,,,,,,,,,1611661324,2012,2012,True
100412-100915-100944-200671-202257,1611661324,"Taj McWilliams-Franklin, Lindsay Whalen, Rebekkah Brunson, Seimone Augustus, Monica Wright","McWilliams-Franklin, Whalen, Brunson, Augustus, Wright",100412-100915-100944-200671-202257,MIN,1664.0,10,28.0,-4.0,60.0,59.0,119.0,22.0,35.0,65.0,6.0,5.0,2.0,6.0,13.0,6.0,11.0,102.98076923076923,13.35,14.627118644067796,13.05,13.728813559322035,0.4583333333333333,0.7291666666666666,0.5214270833333333,4.974285714285714,7.0,4.0,6.0,11.0,3.0,5.0,,1.0,4.0,8.0,3.0,5.0,3.0,,5.0,10.0,,,1.0,18.0,6.0,13.0,7.0,61.0,3.0,5.0,,,,6.0,2.0,3.0,1.0,1.0,5.0,20.0,16.0,15.0,4.0,10.0,5.0,1.0,,10.0,5.0,15.0,4.0,5.0,2.0,3.0,35.0,1.0,5.0,5.0,11.0,4.0,20.0,6.0,26.0,,1.0,7.0,5.0,2.0,1.0,2.0,10.0,,2.0,,12.0,1.0,4.0,1.0,1.0,2.0,1.0,1.0,2.0,2.0,55.0,5.0,7.0,1.0,1.0,0.5555555555555556,0.625,0.8333333333333334,0.46153846153846156,,0.46153846153846156,0.5142857142857142,0.6,0.6666666666666666,0.5625,0.6,0.5,0.5754716981132075,0.6,0.5,0.2708333333333333,,0.02857142857142857,0.045454545454545456,,,0.5384615384615384,0.6666666666666666,0.6470588235294118,0.3125,0.8333333333333334,0.14285714285714285,0.6956521739130435,0.2608695652173913,0.36363636363636365,0.3333333333333333,,0.2,,0.5555555555555556,0.8333333333333334,0.5,0.75,,1.0,0.5,0.5238095238095238,0.45454545454545453,0.16666666666666666,0.5,0.5,0.5,0.10416666666666667,0.6,0.6,1.0,0.0625,0.20833333333333334,0.5,0.5,0.8,1.0,0.6,,,,,0.25,,,0.25,0.5,0.55104,0.4497625,0.09615384615384616,0.10526315789473684,0.07142857142857142,0.09836065573770492,0.08196721311475409,22.515384615384615,0.11666666666666667,,1.0,3.0,,,1.0,0.3333333333333333,0.3333333333333333,1.0,,1.0,,,,1.0,,,,,,,,,,,,,,,,,,,,,1.0,,,,1611661324,2012,2012,True
100412-100915-200671-202257-202632,1611661324,"Taj McWilliams-Franklin, Lindsay Whalen, Seimone Augustus, Monica Wright, Maya Moore","McWilliams-Franklin, Whalen, Augustus, Wright, Moore",100412-100915-200671-202257-202632,MIN,942.0,3,16.0,1.0,34.0,32.0,66.0,8.0,20.0,31.0,6.0,4.0,1.0,4.0,6.0,3.0,7.0,100.89171974522293,15.264705882352942,13.21875,14.735294117647058,12.90625,0.25,0.625,0.507615625,7.359999999999999,,,5.0,3.0,1.0,3.0,,,2.0,7.0,4.0,5.0,5.0,,2.0,7.0,,,,9.0,3.0,12.0,5.0,32.0,1.0,5.0,,,1.0,3.0,,,,,,10.0,8.0,9.0,2.0,7.0,2.0,2.0,1.0,5.0,3.0,8.0,2.0,1.0,1.0,3.0,19.0,,7.0,2.0,4.0,,6.0,7.0,13.0,3.0,2.0,2.0,2.0,,1.0,,10.0,,2.0,4.0,6.0,,3.0,,,,,,,,29.0,,,,,0.5555555555555556,0.625,1.0,0.25,,0.25,0.45,0.2,,0.421875,0.2,,0.45714285714285713,0.25,,0.375,0.08333333333333333,0.1,,0.2857142857142857,,0.3333333333333333,,0.5714285714285714,0.6363636363636364,0.6666666666666666,,0.6,0.35,0.8,0.4,1.0,,,0.5,1.0,0.5,0.6666666666666666,0.17647058823529413,,0.375,0.375,0.3333333333333333,0.21875,0.2857142857142857,0.4,0.5,0.15625,0.8,0.8,0.75,0.15625,0.21875,0.2857142857142857,0.3333333333333333,1.0,0.6,0.3333333333333333,,,,,,,,,0.2857142857142857,0.49307999999999996,,0.08571428571428572,0.13043478260869565,,0.09375,,22.05,,,1.0,,,,1.0,0.2,0.2,1.0,,,,,,1.0,,,,,,1.0,,1.0,,,,,,0.14285714285714285,,,,,,,,,,,1611661324,2012,2012,True
100412-100915-201499-202632-203016,1611661324,"Taj McWilliams-Franklin, Lindsay Whalen, Candice Wiggins, Maya Moore, Devereaux Peters","McWilliams-Franklin, Whalen, Wiggins, Moore, Peters",100412-100915-201499-202632-203016,MIN,1025.0,4,17.0,-21.0,28.0,31.0,59.0,10.0,22.0,45.0,3.0,3.0,,3.0,3.0,4.0,9.0,82.88780487804878,17.964285714285715,16.838709677419356,16.75,15.96774193548387,0.37037037037037035,0.5555555555555556,0.480675,7.422727272727273,10.0,5.0,4.0,5.0,2.0,3.0,4.0,6.0,2.0,6.0,2.0,6.0,1.0,1.0,,4.0,,1.0,1.0,9.0,,5.0,6.0,24.0,2.0,3.0,,1.0,,4.0,4.0,7.0,2.0,4.0,12.0,2.0,16.0,,4.0,3.0,,4.0,,1.0,,1.0,,1.0,,,2.0,1.0,2.0,2.0,3.0,,5.0,3.0,8.0,,,,,,,,8.0,,1.0,,8.0,,4.0,,,2.0,2.0,,2.0,,20.0,12.0,10.0,1.0,,0.1111111111111111,0.14285714285714285,,,,,0.4090909090909091,0.6666666666666666,0.5714285714285714,0.3333333333333333,0.5,0.4444444444444444,0.3870967741935484,0.5,0.5,0.18518518518518517,,0.18181818181818182,0.1,0.16666666666666666,,,,0.42857142857142855,0.18181818181818182,0.4,0.25,0.4166666666666667,0.2,,0.25,0.3333333333333333,,1.0,0.5,,0.3333333333333333,0.4,,,0.5,0.5555555555555556,0.2,0.2222222222222222,0.3333333333333333,0.4,,0.2222222222222222,0.3333333333333333,0.5,,0.037037037037037035,0.14814814814814814,,,,0.75,0.6666666666666666,,0.25,,,0.6666666666666666,0.6666666666666666,0.1111111111111111,0.1111111111111111,,0.5439666666666666,0.5913499999999999,0.12903225806451613,0.15384615384615385,,0.16666666666666666,0.5,27.54,0.35714285714285715,1.0,,,,1.0,,,,,0.3333333333333333,,,,,1.0,,,,,,,,1.0,,,,,,,,,,,,,,,,,1611661324,2012,2012,True
100412-100944-200671-201499-202257,1611661324,"Taj McWilliams-Franklin, Rebekkah Brunson, Seimone Augustus, Candice Wiggins, Monica Wright","McWilliams-Franklin, Brunson, Augustus, Wiggins, Wright",100412-100944-200671-201499-202257,MIN,1028.0,11,17.0,-9.0,33.0,36.0,69.0,9.0,19.0,44.0,1.0,1.0,2.0,4.0,7.0,5.0,10.0,96.65369649805447,14.454545454545455,15.305555555555555,13.787878787878787,14.083333333333334,0.34615384615384615,0.6153846153846154,0.4943711538461538,8.078947368421053,6.0,10.0,3.0,4.0,1.0,1.0,1.0,1.0,4.0,5.0,2.0,5.0,2.0,,1.0,5.0,,,1.0,10.0,3.0,7.0,6.0,35.0,2.0,3.0,,,,4.0,2.0,3.0,1.0,2.0,6.0,4.0,16.0,3.0,2.0,5.0,1.0,,,2.0,1.0,3.0,,1.0,1.0,,7.0,,2.0,1.0,9.0,1.0,11.0,3.0,14.0,1.0,,3.0,3.0,,,1.0,9.0,1.0,3.0,1.0,8.0,1.0,3.0,,1.0,2.0,,1.0,2.0,2.0,31.0,6.0,6.0,2.0,1.0,0.2,0.2222222222222222,0.3333333333333333,0.42857142857142855,,0.42857142857142855,0.5263157894736842,0.6666666666666666,0.6666666666666666,0.5576923076923077,0.6666666666666666,0.5,0.5862068965517241,0.6666666666666666,0.6,0.2692307692307692,,,,,,0.42857142857142855,1.0,0.47368421052631576,0.2222222222222222,1.0,,0.5,0.15384615384615385,0.2,,0.3333333333333333,,,0.5,0.2,0.625,1.0,0.07692307692307693,1.0,0.4444444444444444,0.4444444444444444,0.25,0.19230769230769232,0.8,0.8,0.25,0.19230769230769232,0.4,0.4,,0.07692307692307693,0.19230769230769232,0.2,0.2,,0.3333333333333333,1.0,,,,,0.25,1.0,,0.25,0.2,0.4579333333333333,0.439825,0.10714285714285714,0.14285714285714285,,0.11428571428571428,0.17142857142857143,21.557142857142857,0.18181818181818182,1.0,2.0,6.0,,,1.0,1.0,1.0,0.5,,,,1.0,0.5,1.0,,,,,,,2.0,,,,1.0,1.0,,,,,,,,,,,,,1611661324,2012,2012,True
100412-201499-202257-202632-202644,1611661324,"Taj McWilliams-Franklin, Candice Wiggins, Monica Wright, Maya Moore, Amber Harris","McWilliams-Franklin, Wiggins, Wright, Moore, Harris",100412-201499-202257-202632-202644,MIN,1052.0,7,18.0,-21.0,36.0,38.0,74.0,11.0,19.0,53.0,3.0,2.0,2.0,6.0,10.0,3.0,10.0,101.29277566539923,14.944444444444445,13.526315789473685,14.027777777777779,12.447368421052632,0.3793103448275862,0.7241379310344828,0.5160089285714285,7.094736842105264,11.0,19.0,7.0,4.0,,2.0,3.0,4.0,1.0,2.0,2.0,6.0,1.0,,2.0,9.0,1.0,2.0,2.0,7.0,3.0,10.0,9.0,32.0,,3.0,1.0,2.0,,3.0,3.0,7.0,2.0,4.0,10.0,6.0,8.0,6.0,,8.0,2.0,2.0,,3.0,2.0,5.0,1.0,2.0,1.0,,12.0,2.0,4.0,2.0,5.0,2.0,9.0,7.0,16.0,,1.0,4.0,2.0,2.0,3.0,1.0,10.0,,,1.0,13.0,1.0,5.0,,2.0,3.0,1.0,2.0,3.0,2.0,29.0,10.0,11.0,3.0,2.0,0.42857142857142855,0.42857142857142855,0.6666666666666666,0.3,0.5,0.3333333333333333,0.3684210526315789,,0.42857142857142855,0.39655172413793105,0.3,0.3333333333333333,0.45714285714285713,0.3,0.4166666666666667,0.3448275862068966,,0.10526315789473684,0.18181818181818182,,,0.4,1.0,0.5,0.3333333333333333,0.5,0.3333333333333333,0.5,0.3333333333333333,0.42857142857142855,,0.25,0.3333333333333333,,,1.0,1.0,0.5,,0.6666666666666666,0.36363636363636365,0.4444444444444444,0.5,0.06896551724137931,0.5,0.5,1.0,0.20689655172413793,0.3333333333333333,0.3333333333333333,,0.034482758620689655,0.3103448275862069,0.2222222222222222,0.2222222222222222,0.5,0.4,,,0.4,0.5,1.0,0.4444444444444444,0.75,,0.2222222222222222,0.25,0.488175,0.5382875,0.15151515151515152,0.21739130434782608,,0.09375,0.3125,25.009999999999998,0.3055555555555556,,1.0,3.0,,1.0,1.0,1.0,1.0,1.0,,,,1.0,0.5,2.0,,,,,,1.0,,,1.0,,,,,,,,,,,,,1.0,,,1611661324,2012,2012,True
100835-201499-201882-202632-202644,1611661324,"Erin Thorn, Candice Wiggins, Jessica Adair, Maya Moore, Amber Harris","Thorn, Wiggins, Adair, Moore, Harris",100835-201499-201882-202632-202644,MIN,83.0,1,1.0,5.0,3.0,3.0,6.0,,,1.0,1.0,1.0,,,,1.0,1.0,104.09638554216868,13.0,14.666666666666666,13.0,14.666666666666666,,1.0,0.5810000000000001,,,,,,,,,,,,,,,,2.0,3.0,,,,,2.0,3.0,,6.0,,,,,,,,,,,,,,6.0,,3.0,2.0,,,,2.0,2.0,2.0,,,,6.0,,,1.0,,,1.0,,1.0,,,,,,,,,,,,,,,,,,,,,,6.0,,,,,,,1.0,0.6666666666666666,,0.6666666666666666,,,,1.0,,,1.0,,,1.0,,,,,,,,,,1.0,,1.0,,,,,,,,,,1.0,,,,,,,,,,,,,,,1.0,0.6666666666666666,0.6666666666666666,1.0,,,,,,,,,,,0.6666666666666666,,,,,,,,21.733333333333334,,,,,,,,,,,,,,,,,,,,,,,,,,,,,,,,,,,,,,,,,1611661324,2012,2012,True
100835-201499-202632-202644-203016,1611661324,"Erin Thorn, Candice Wiggins, Maya Moore, Amber Harris, Devereaux Peters","Thorn, Wiggins, Moore, Harris, Peters",100835-201499-202632-202644-203016,MIN,277.0,3,5.0,4.0,8.0,9.0,17.0,1.0,6.0,5.0,,,,,,,1.0,88.37545126353791,18.875,14.0,16.5,12.11111111111111,0.125,0.375,0.4592875,9.25,2.0,5.0,1.0,1.0,1.0,1.0,,,1.0,4.0,1.0,1.0,,,,2.0,,,,3.0,,2.0,3.0,9.0,1.0,2.0,,,,2.0,,1.0,,2.0,2.0,,6.0,,2.0,2.0,,1.0,,,,,,,,,,,1.0,2.0,2.0,,4.0,2.0,6.0,,,,,,,,4.0,,,,5.0,1.0,3.0,,,1.0,1.0,,1.0,,7.0,2.0,2.0,,,,,,,,,0.5,0.5,,0.375,0.5,,0.45,0.5,0.5,0.25,,0.16666666666666666,,0.25,,,,0.5,0.3333333333333333,0.6666666666666666,,0.5714285714285714,0.2,,0.3333333333333333,,,,,1.0,,1.0,,,1.0,1.0,,0.5,0.25,0.3333333333333333,,0.125,1.0,1.0,,,0.25,,,,0.5,1.0,,,,,,,,,,0.55135,0.3791,0.3,0.375,,0.2222222222222222,0.2222222222222222,23.4,0.25,,,,,,,,,,,0.5,,1.0,1.0,,,,,,,,,,,,,,,,,,,,,,,,,,1611661324,2012,2012,True
200671-201499-202257-202632-202644,1611661324,"Seimone Augustus, Candice Wiggins, Monica Wright, Maya Moore, Amber Harris","Augustus, Wiggins, Wright, Moore, Harris",200671-201499-202257-202632-202644,MIN,383.0,2,6.0,5.0,14.0,13.0,27.0,4.0,11.0,13.0,1.0,1.0,,,2.0,,1.0,101.51436031331592,12.071428571428571,16.46153846153846,12.071428571428571,16.153846153846153,0.3333333333333333,0.4166666666666667,0.46712916666666665,6.9818181818181815,,,,4.0,,,,,3.0,7.0,,,,,1.0,1.0,,,,7.0,1.0,1.0,1.0,18.0,,,,,,,,,,,,4.0,10.0,,,1.0,1.0,1.0,,2.0,,2.0,,2.0,,,4.0,,,2.0,4.0,,6.0,,6.0,,,2.0,1.0,1.0,,,1.0,,,,1.0,1.0,1.0,,,,,,,,18.0,,,,,0.2857142857142857,0.2857142857142857,,1.0,,1.0,0.6363636363636364,,,0.7083333333333334,,,0.75,,,0.08333333333333333,,0.09090909090909091,,0.14285714285714285,,1.0,,1.0,,0.6666666666666666,,0.8571428571428571,,,,,,,1.0,,1.0,0.5,,,1.0,1.0,0.5,0.5833333333333334,0.42857142857142855,0.5,,,,,,,0.08333333333333333,1.0,1.0,,,,,,,,,,,,1.0,,,0.08333333333333333,0.09090909090909091,,,,22.4,,,,3.0,,,,,,,,1.0,,,,,,,,,,,,,,,,,,,,,,,,,,,,,1611661324,2012,2012,True
200671-201499-202257-202632-203016,1611661324,"Seimone Augustus, Candice Wiggins, Monica Wright, Maya Moore, Devereaux Peters","Augustus, Wiggins, Wright, Moore, Peters",200671-201499-202257-202632-203016,MIN,314.0,4,5.0,-5.0,11.0,13.0,24.0,5.0,9.0,9.0,2.0,1.0,,,3.0,,2.0,110.06369426751593,14.181818181818182,12.153846153846153,12.272727272727273,11.615384615384615,0.5,0.6,0.47409999999999997,5.855555555555556,5.0,4.0,3.0,2.0,1.0,2.0,,2.0,,2.0,,2.0,,,,1.0,,,1.0,2.0,,1.0,,4.0,1.0,2.0,,,,2.0,,4.0,1.0,,,2.0,2.0,,,1.0,,,,1.0,,1.0,,1.0,,,2.0,,2.0,3.0,2.0,1.0,6.0,3.0,9.0,,1.0,3.0,3.0,,1.0,1.0,,,,,,,,,,,,,,,2.0,,5.0,1.0,,0.5,0.5,,,,,0.2222222222222222,0.5,,0.2,0.5,,0.2,0.5,,0.1,,,,,,1.0,1.0,0.5,0.2857142857142857,1.0,,0.7142857142857143,0.2857142857142857,0.3333333333333333,,0.5,,,,1.0,1.0,1.0,,,0.4,0.4,0.5,0.2,,,,0.2,,,,,0.1,,,,1.0,0.5,,,,,0.4,,,0.2,,0.5701,0.43129999999999996,,,,0.5,,27.2,0.45454545454545453,,,,,,,,,,,,,1.0,1.0,,,,,,,,,,,,,,,,,,,,,,,,,,1611661324,2012,2012,True
201499-201882-202257-202632-202644,1611661324,"Candice Wiggins, Jessica Adair, Monica Wright, Maya Moore, Amber Harris","Wiggins, Adair, Wright, Moore, Harris",201499-201882-202257-202632-202644,MIN,30.0,1,,,1.0,,1.0,,,,,,,,,,,48.0,22.0,,22.0,,,1.0,0.43785,,,,,,,,,,,,,,1.0,,,,,,,,,1.0,,,,,,,,,,,,,,,,,,,,,,,,,,,,,,,,,,,,,,,,,,,,,,,,,,,,,,1.0,,1.0,1.0,,,,,,,,,,,,,,,,,,,,,,1.0,,,,,,,,,,,,,,,,,,,,,,,,,,,,,,,,,,,,1.0,,,,,,,,,,,,,,,,,,,,,,,23.6,,,,,,,,,,,,,,,,,,,,,,,,,,,,,,,,,,,,,,,,,1611661324,2012,2012,True
201499-201882-202257-202632-203016,1611661324,"Candice Wiggins, Jessica Adair, Monica Wright, Maya Moore, Devereaux Peters","Wiggins, Adair, Wright, Moore, Peters",201499-201882-202257-202632-203016,MIN,705.0,5,12.0,,25.0,24.0,49.0,5.0,16.0,29.0,5.0,5.0,1.0,2.0,3.0,3.0,7.0,100.08510638297872,16.0,12.708333333333334,14.44,12.083333333333334,0.21739130434782608,0.5217391304347826,0.4609108695652174,7.275,7.0,10.0,2.0,5.0,1.0,1.0,1.0,1.0,4.0,7.0,1.0,4.0,,,2.0,7.0,,,2.0,10.0,2.0,7.0,3.0,29.0,1.0,3.0,,,,2.0,3.0,4.0,2.0,,9.0,12.0,8.0,3.0,,7.0,2.0,1.0,,6.0,1.0,7.0,1.0,2.0,3.0,1.0,15.0,,3.0,,3.0,2.0,5.0,3.0,8.0,,,1.0,1.0,,,1.0,6.0,,,,7.0,3.0,5.0,,,,,,,,27.0,9.0,7.0,1.0,,0.6,0.6,0.5,0.2857142857142857,,0.2857142857142857,0.625,0.3333333333333333,0.75,0.5652173913043478,0.3333333333333333,0.75,0.58,0.3333333333333333,0.75,0.30434782608695654,,0.0625,,0.14285714285714285,,0.3333333333333333,1.0,0.5,0.42857142857142855,,,0.375,0.2727272727272727,,0.5,0.3333333333333333,,,,0.5,1.0,,,,1.0,1.0,0.4,0.30434782608695654,0.5714285714285714,0.6666666666666666,0.75,0.17391304347826086,0.25,0.25,1.0,,0.30434782608695654,0.2857142857142857,0.2857142857142857,0.5,0.3333333333333333,1.0,,,,,0.16666666666666666,1.0,,0.3333333333333333,0.2857142857142857,0.4664333333333333,0.3974333333333333,0.2,0.2777777777777778,,0.06896551724137931,0.3103448275862069,22.985714285714288,0.28,1.0,,3.0,,,,,,,,,,,,,,,,1.0,1.0,,,1.0,,,,,0.5,,,,0.5,,,,,,,,1611661324,2012,2012,True
100412-100835-100915-200671-201882,1611661324,"Taj McWilliams-Franklin, Erin Thorn, Lindsay Whalen, Seimone Augustus, Jessica Adair","McWilliams-Franklin, Thorn, Whalen, Augustus, Adair",100412-100835-100915-200671-201882,MIN,121.0,1,2.0,-1.0,3.0,4.0,7.0,2.0,3.0,7.0,,,,,,1.0,1.0,83.30578512396694,23.0,13.0,23.0,13.0,0.5,0.75,0.5424625,2.1,,,,1.0,,,,,,1.0,,,,,1.0,1.0,,,,1.0,1.0,1.0,1.0,6.0,,,,,,,,,,,,2.0,,3.0,,1.0,1.0,1.0,,1.0,1.0,2.0,1.0,1.0,,,5.0,,1.0,,1.0,,1.0,1.0,2.0,,,,,,,,1.0,,,,1.0,1.0,1.0,,,,,,,,6.0,,,,,1.0,1.0,1.0,1.0,,1.0,0.3333333333333333,,,0.625,,,0.75,,,0.25,,0.3333333333333333,0.5,,,,,1.0,0.5,,,0.5,0.5,1.0,,,,,,1.0,,,,,0.5,1.0,1.0,0.25,,,,,,,,,0.25,1.0,1.0,1.0,,,,,,,,,,,1.0,,,0.25,0.3333333333333333,,,,22.4,,,,,,,,,,,,,,,,,,,,,,,,,,,,,,,,,,,,,,,,,1611661324,2012,2012,True
100412-100915-100944-200671-201499,1611661324,"Taj McWilliams-Franklin, Lindsay Whalen, Rebekkah Brunson, Seimone Augustus, Candice Wiggins","McWilliams-Franklin, Whalen, Brunson, Augustus, Wiggins",100412-100915-100944-200671-201499,MIN,1045.0,9,17.0,5.0,37.0,35.0,72.0,12.0,21.0,36.0,4.0,3.0,3.0,6.0,7.0,3.0,6.0,99.21531100478468,13.162162162162161,15.942857142857143,12.297297297297296,15.142857142857142,0.4,0.7,0.510605,5.223809523809524,4.0,,5.0,9.0,2.0,2.0,,,2.0,8.0,1.0,1.0,2.0,,3.0,7.0,,1.0,1.0,12.0,3.0,9.0,8.0,41.0,2.0,3.0,,1.0,,4.0,,,1.0,2.0,2.0,14.0,10.0,6.0,2.0,7.0,3.0,2.0,,7.0,2.0,9.0,2.0,5.0,1.0,1.0,20.0,1.0,3.0,2.0,6.0,2.0,10.0,5.0,15.0,1.0,1.0,1.0,,1.0,1.0,1.0,11.0,,1.0,2.0,11.0,3.0,7.0,,,3.0,1.0,1.0,3.0,,37.0,2.0,4.0,,,0.5833333333333334,0.6363636363636364,0.6666666666666666,0.3333333333333333,,0.3333333333333333,0.5714285714285714,0.6666666666666666,,0.55,0.5,,0.6029411764705882,0.5,0.3333333333333333,0.3,,0.09523809523809523,0.16666666666666666,,,0.14285714285714285,1.0,0.5,0.3333333333333333,1.0,0.16666666666666666,0.5714285714285714,0.26666666666666666,0.3333333333333333,0.3333333333333333,,,0.5,0.5,0.3333333333333333,0.6,1.0,0.07692307692307693,,0.75,0.9,0.5555555555555556,0.26666666666666666,0.25,0.25,0.5,0.03333333333333333,1.0,1.0,1.0,0.06666666666666667,0.23333333333333334,0.42857142857142855,0.42857142857142855,0.6666666666666666,0.5,1.0,0.5,0.25,,,,,,1.0,0.42857142857142855,0.45038333333333336,0.43275,0.20588235294117646,0.28,,0.0975609756097561,0.04878048780487805,22.27777777777778,0.10810810810810811,,,3.0,,,,,,,,,,1.0,0.3333333333333333,,,,,,,1.0,1.0,,,,,1.0,,,,,,,,,,,,,1611661324,2012,2012,True
100412-201499-202257-202632-203016,1611661324,"Taj McWilliams-Franklin, Candice Wiggins, Monica Wright, Maya Moore, Devereaux Peters","McWilliams-Franklin, Wiggins, Wright, Moore, Peters",100412-201499-202257-202632-203016,MIN,1995.0,14,33.0,-28.0,63.0,65.0,128.0,14.0,39.0,79.0,3.0,2.0,3.0,5.0,19.0,4.0,13.0,92.39097744360902,17.904761904761905,13.338461538461539,16.682539682539684,12.76923076923077,0.2641509433962264,0.5283018867924528,0.46407358490566036,8.533333333333333,27.0,20.0,11.0,6.0,2.0,5.0,,2.0,6.0,15.0,1.0,10.0,3.0,2.0,3.0,11.0,,1.0,6.0,13.0,5.0,14.0,10.0,51.0,3.0,7.0,,1.0,3.0,9.0,4.0,12.0,8.0,2.0,22.0,6.0,20.0,15.0,4.0,11.0,3.0,6.0,,3.0,5.0,8.0,3.0,1.0,2.0,,21.0,5.0,11.0,4.0,8.0,1.0,13.0,16.0,29.0,2.0,1.0,14.0,11.0,3.0,4.0,8.0,11.0,1.0,1.0,,13.0,1.0,5.0,,2.0,1.0,1.0,,1.0,1.0,42.0,22.0,27.0,3.0,1.0,0.23076923076923078,0.2727272727272727,1.0,0.35714285714285715,,0.35714285714285715,0.3333333333333333,0.42857142857142855,0.3333333333333333,0.3867924528301887,0.375,0.5,0.4322033898305085,0.45,0.5,0.2641509433962264,,0.15384615384615385,0.2857142857142857,0.13333333333333333,,0.7368421052631579,1.0,0.7272727272727273,0.44,0.4,0.5555555555555556,0.5714285714285714,0.47058823529411764,0.25,0.75,0.3333333333333333,0.625,,0.6666666666666666,1.0,0.75,0.5,0.07142857142857142,1.0,0.42857142857142855,0.6,0.16666666666666666,0.2830188679245283,0.4,0.46153846153846156,0.3333333333333333,0.18867924528301888,0.1,0.1,,0.05660377358490566,0.20754716981132076,0.2727272727272727,0.2727272727272727,1.0,0.625,0.4,,0.125,,,0.1,,0.1,0.3,0.2727272727272727,0.49751428571428574,0.43888999999999995,0.08771929824561403,0.11627906976744186,,0.17647058823529413,0.43137254901960786,22.092857142857145,0.42857142857142855,1.0,2.0,,,,2.0,0.6666666666666666,0.6666666666666666,1.0,,,,,,1.0,,,2.0,2.0,4.0,,,,1.0,,,,0.5,,,1.0,0.3333333333333333,,,,,,,,1611661324,2012,2012,True
100835-100915-100944-202632-203016,1611661324,"Erin Thorn, Lindsay Whalen, Rebekkah Brunson, Maya Moore, Devereaux Peters","Thorn, Whalen, Brunson, Moore, Peters",100835-100915-100944-202632-203016,MIN,97.0,2,2.0,-6.0,3.0,4.0,7.0,2.0,3.0,6.0,,,,,1.0,,1.0,103.91752577319588,17.333333333333332,11.25,13.666666666666666,11.25,0.5,0.75,0.53635,7.233333333333333,,,1.0,,,2.0,,,,,,1.0,,,,1.0,,,,,,1.0,,,,2.0,,,,,,,,,,,,,,1.0,,2.0,,,,,,,,,,1.0,1.0,,2.0,,2.0,2.0,4.0,,,1.0,,1.0,,,1.0,,,,,,,,,,,,,,,,,,,,,,,,,,,,,,,,,,0.25,,0.6666666666666666,1.0,,,1.0,,1.0,0.3333333333333333,,1.0,0.6666666666666666,0.5,0.5,,,1.0,,,1.0,,,,,,,,,,,,0.25,,,,,0.25,,,,1.0,,,,,,,,,,,0.5569,,,,,,,21.6,,,,,,,,,,,,,,,,,,,,,,,,,,,,,,,,,,,,,,,,,1611661324,2012,2012,True
100835-100915-200671-201882-203016,1611661324,"Erin Thorn, Lindsay Whalen, Seimone Augustus, Jessica Adair, Devereaux Peters","Thorn, Whalen, Augustus, Adair, Peters",100835-100915-200671-201882-203016,MIN,63.0,1,1.0,2.0,2.0,2.0,4.0,,,1.0,,,,,,1.0,1.0,91.42857142857143,12.0,19.5,8.5,19.5,,1.0,0.5037,,1.0,,1.0,,,,,,,,,,,,1.0,2.0,,1.0,1.0,,1.0,2.0,,3.0,,,,1.0,,,,,1.0,,3.0,,,3.0,,2.0,1.0,,,,1.0,1.0,1.0,,,,3.0,,,1.0,,,1.0,,1.0,,,,,,,,1.0,,,,,,,,,,,,,,3.0,3.0,1.0,,,,,1.0,0.5,,0.5,,,,0.75,,1.5,0.75,,1.5,1.0,,,,,,,,,,1.0,,1.0,,,,,,,,,,1.0,,,,,,,,,,,,,,,1.0,0.5,0.5,1.0,,,,1.0,,,,,,1.0,0.5,0.42195,0.58545,,,,,1.0,21.8,0.5,,,,,,,,,,,,,,,,,,,1.0,1.0,,,,,,,,1.0,,,,1.0,,,,,,,,1611661324,2012,2012,True
100835-100915-201882-202632-203016,1611661324,"Erin Thorn, Lindsay Whalen, Jessica Adair, Maya Moore, Devereaux Peters","Thorn, Whalen, Adair, Moore, Peters",100835-100915-201882-202632-203016,MIN,29.0,1,,-2.0,2.0,2.0,4.0,,2.0,4.0,1.0,1.0,,,1.0,,1.0,198.6206896551724,9.5,5.0,7.5,5.0,,,0.40705,11.65,,1.0,1.0,,,,,,1.0,1.0,,1.0,,,,,,,,1.0,,,,2.0,1.0,1.0,,,,2.0,,,,,,,2.0,,,,,,,,,,,,,,,,1.0,,,,,1.0,1.0,,,1.0,1.0,,,,,,,,,,,,,,,,,,,,,,,,,,,,,0.5,1.0,,0.5,1.0,,0.5,1.0,,,,,,,,1.0,,,1.0,,,,1.0,,,1.0,,,,,,,,,,,,0.5,1.0,1.0,,0.5,,,,,,,,,,,,,,,,,,,,0.4423,,,,,1.0,,,,,,,,,,,,,,,,,,,,,,,,,,,,,,,,,,,,,,,,,,,1611661324,2012,2012,True
100835-100944-200671-201499-203016,1611661324,"Erin Thorn, Rebekkah Brunson, Seimone Augustus, Candice Wiggins, Devereaux Peters","Thorn, Brunson, Augustus, Wiggins, Peters",100835-100944-200671-201499-203016,MIN,177.0,1,3.0,-2.0,6.0,6.0,12.0,3.0,4.0,6.0,,,1.0,2.0,2.0,2.0,3.0,97.62711864406779,15.166666666666666,14.333333333333334,15.166666666666666,13.833333333333334,0.75,0.75,0.47875,3.5,,,,1.0,,,,,,1.0,,,,,,,,,,1.0,,,2.0,4.0,,,,,,,,,,,,2.0,,,,,,,,1.0,,1.0,,1.0,,,2.0,,1.0,1.0,2.0,,3.0,1.0,4.0,,,,,,,,1.0,,,,2.0,,1.0,,,,,,,,4.0,,,,,1.0,1.0,,,,,0.25,,,0.25,,,0.4,,,,,,,,,,,0.6666666666666666,0.3333333333333333,1.0,,0.75,0.3333333333333333,0.5,,,,,,1.0,,1.0,,,0.3333333333333333,0.3333333333333333,1.0,0.25,,,,,,,,,,,,,,,,,,,,,,,,,,0.2,0.2,,,,,,,,,,,,,,,,,,,,1.0,,,,,,,,,,,,,,,,,,,,,,,,,1611661324,2012,2012,True
100835-100944-200671-202632-203016,1611661324,"Erin Thorn, Rebekkah Brunson, Seimone Augustus, Maya Moore, Devereaux Peters","Thorn, Brunson, Augustus, Moore, Peters",100835-100944-200671-202632-203016,MIN,87.0,1,1.0,-4.0,4.0,4.0,8.0,1.0,2.0,6.0,,,,1.0,2.0,,1.0,132.41379310344828,11.0,10.75,10.25,8.75,0.3333333333333333,0.6666666666666666,0.5199833333333334,7.95,,,1.0,1.0,1.0,1.0,,,,1.0,,,1.0,,,,,,,1.0,,1.0,,2.0,1.0,1.0,,,,2.0,,,,,,,2.0,,,,,1.0,,,,,,,,,,,1.0,,1.0,,1.0,1.0,2.0,,,1.0,,1.0,,,,,,,,,,,,,,,,,,,,,,,,,,,,0.5,1.0,,0.3333333333333333,1.0,,0.3333333333333333,1.0,,0.3333333333333333,,0.5,,1.0,,0.5,,1.0,1.0,,,1.0,0.5,,1.0,,,,,1.0,,,,,1.0,1.0,,0.3333333333333333,,,,,,,,0.3333333333333333,,,,,1.0,1.0,,,,,,,,,,0.554,,,,,1.0,,21.7,,,,,,,,,,,,,,,,,,,,,,,,,,,,,,,,,,,,,,,,,1611661324,2012,2012,True
100835-200671-201499-202257-202644,1611661324,"Erin Thorn, Seimone Augustus, Candice Wiggins, Monica Wright, Amber Harris","Thorn, Augustus, Wiggins, Wright, Harris",100835-200671-201499-202257-202644,MIN,84.0,1,1.0,-4.0,5.0,5.0,10.0,,,12.0,,,,,,2.0,2.0,171.42857142857144,3.4,13.4,3.4,12.0,,1.0,0.6519,,5.0,5.0,,,,,,,,,,,1.0,1.0,,,,,,,,1.0,8.0,8.0,,,,,,,,,1.0,8.0,8.0,,,,,,,,,,,,,,,,,,,,,,,,,,,,,,,,4.0,,,,8.0,,,,4.0,,,,,,8.0,8.0,5.0,,4.0,,,,,,,,,,,,,0.8,,0.8,1.0,,,,,,,,,,,,,,,,,,,,,,,,,,,,,,,,,,,,1.0,,,,,,,,,,,,,1.0,,,,0.6519,,,,,1.0,22.0,1.0,,,,,,,,,,,,,,,,,,,,,,,,,,,,,,,,,,,,,,,,1611661324,2012,2012,True
100835-200671-201499-202644-203016,1611661324,"Erin Thorn, Seimone Augustus, Candice Wiggins, Amber Harris, Devereaux Peters","Thorn, Augustus, Wiggins, Harris, Peters",100835-200671-201499-202644-203016,MIN,43.0,1,1.0,2.0,2.0,3.0,5.0,1.0,1.0,2.0,,,,,,,,167.44186046511626,4.5,11.333333333333334,4.5,11.333333333333334,1.0,1.0,0.303,3.2,2.0,3.0,,1.0,,,1.0,1.0,,,,,,,,,,,,1.0,,,2.0,4.0,,,,,,,1.0,1.0,,2.0,4.0,2.0,,,,,,,,1.0,,1.0,,1.0,,,2.0,,,,,,,,,,,,,,,,1.0,,1.0,,2.0,,,,1.0,,,,,,4.0,4.0,2.0,,1.0,1.0,1.0,,,,,1.0,,1.0,1.0,,1.0,1.0,,1.0,,,,,,,,,,,,,,,,,,,,,,,,,,1.0,1.0,1.0,,,,,,,,,,,,,,,,,,,,1.0,1.0,,,,,0.303,,,,,1.0,,1.0,,,,,,,,,,,,,,,,,,,,,,,,,,,,,,,,,,,,,,,,1611661324,2012,2012,True
100835-201499-202257-202644-203016,1611661324,"Erin Thorn, Candice Wiggins, Monica Wright, Amber Harris, Devereaux Peters","Thorn, Wiggins, Wright, Harris, Peters",100835-201499-202257-202644-203016,MIN,1193.0,9,20.0,-1.0,38.0,41.0,79.0,10.0,27.0,33.0,3.0,3.0,1.0,1.0,6.0,4.0,8.0,95.35624476110645,16.605263157894736,13.707317073170731,15.5,13.073170731707316,0.2857142857142857,0.5142857142857142,0.4241942857142857,8.185185185185185,13.0,26.0,8.0,5.0,1.0,1.0,2.0,4.0,2.0,10.0,3.0,7.0,2.0,1.0,,6.0,,1.0,2.0,10.0,1.0,8.0,9.0,32.0,2.0,3.0,,1.0,3.0,7.0,4.0,10.0,3.0,3.0,11.0,10.0,10.0,3.0,,6.0,,4.0,,5.0,1.0,6.0,,1.0,2.0,2.0,13.0,2.0,6.0,7.0,7.0,,14.0,9.0,23.0,2.0,,5.0,5.0,,3.0,1.0,10.0,1.0,,1.0,13.0,1.0,6.0,,1.0,1.0,1.0,,1.0,1.0,25.0,11.0,13.0,1.0,1.0,0.5,0.5,1.0,0.125,,0.125,0.37037037037037035,0.6666666666666666,0.4,0.32857142857142857,0.5,0.3076923076923077,0.3902439024390244,0.5833333333333334,0.34375,0.22857142857142856,,0.14814814814814814,0.1,0.2,,0.8333333333333334,,0.875,0.35294117647058826,0.875,0.3333333333333333,0.875,0.34782608695652173,0.4,0.5,,0.4,,0.5,1.0,1.0,0.8333333333333334,0.10526315789473684,1.0,0.5,0.5555555555555556,0.2,0.2857142857142857,0.2,0.25,1.0,0.2,0.42857142857142855,0.5,0.6666666666666666,0.05714285714285714,0.17142857142857143,,,,0.25,1.0,,0.25,,,0.3076923076923077,0.5,0.07692307692307693,0.15384615384615385,,0.41050000000000003,0.40445000000000003,0.15,0.1875,,0.21875,0.34375,23.2625,0.34210526315789475,1.0,1.0,,,,1.0,0.5,0.5,1.0,0.14285714285714285,1.0,,1.0,0.3333333333333333,,,,,,,,1.0,,,,,,,,,,,,,,,,,,1611661324,2012,2012,True
100915-100944-200671-201499-203016,1611661324,"Lindsay Whalen, Rebekkah Brunson, Seimone Augustus, Candice Wiggins, Devereaux Peters","Whalen, Brunson, Augustus, Wiggins, Peters",100915-100944-200671-201499-203016,MIN,122.0,1,2.0,8.0,4.0,3.0,7.0,2.0,3.0,2.0,,,,,,,,82.62295081967214,14.5,21.333333333333332,14.5,16.666666666666668,0.5,0.75,0.5491,6.2,,,,2.0,,,,,,,1.0,1.0,,,1.0,1.0,,,,3.0,1.0,1.0,1.0,10.0,,,,,,,,,,,,2.0,4.0,3.0,,1.0,1.0,,,1.0,1.0,2.0,1.0,1.0,,,5.0,,,1.0,1.0,,2.0,,2.0,,,,,,,,1.0,,,,1.0,1.0,1.0,,,,,,,,10.0,,,,,0.3333333333333333,0.3333333333333333,1.0,1.0,,1.0,1.0,,,1.125,,,1.25,,,0.25,,,,,,,,0.5,,1.0,,0.6666666666666666,,,,,,,1.0,,,,,,1.0,1.0,0.5,,,,,0.25,1.0,1.0,,,0.25,1.0,1.0,1.0,,,,,,,,,,,1.0,,,0.25,0.3333333333333333,,,,23.8,,,,,,,,,,,,1.0,,,,,,,,,,,,,,,,,,,,,,,,,,,,,1611661324,2012,2012,True
100915-100944-200671-202632-203016,1611661324,"Lindsay Whalen, Rebekkah Brunson, Seimone Augustus, Maya Moore, Devereaux Peters","Whalen, Brunson, Augustus, Moore, Peters",100915-100944-200671-202632-203016,MIN,2092.0,10,35.0,-20.0,62.0,62.0,124.0,20.0,40.0,78.0,7.0,6.0,2.0,7.0,8.0,6.0,16.0,85.35372848948374,18.06451612903226,15.67741935483871,17.129032258064516,13.387096774193548,0.3333333333333333,0.6666666666666666,0.4738016666666667,7.897499999999999,5.0,8.0,7.0,12.0,3.0,3.0,,,1.0,9.0,2.0,11.0,5.0,,6.0,15.0,,1.0,,15.0,7.0,20.0,7.0,58.0,3.0,4.0,,2.0,2.0,8.0,1.0,3.0,,1.0,3.0,18.0,12.0,18.0,6.0,15.0,6.0,5.0,2.0,9.0,6.0,15.0,5.0,7.0,1.0,1.0,36.0,4.0,4.0,4.0,10.0,2.0,16.0,9.0,25.0,1.0,1.0,1.0,1.0,,1.0,1.0,18.0,1.0,,1.0,10.0,2.0,6.0,,,1.0,,1.0,1.0,,50.0,3.0,5.0,1.0,,0.6,0.75,0.8571428571428571,0.35,,0.35,0.375,0.75,0.3333333333333333,0.425,0.5,0.3333333333333333,0.453125,0.5714285714285714,0.375,0.3333333333333333,0.1,0.125,0.15,0.2222222222222222,0.2,0.125,1.0,0.5,0.16,0.36363636363636365,0.3076923076923077,0.45161290322580644,0.21052631578947367,0.25,0.25,,0.3333333333333333,0.25,0.6,0.4444444444444444,0.5,0.4444444444444444,0.03225806451612903,,0.6,0.7058823529411765,0.5833333333333334,0.15,0.1111111111111111,0.14285714285714285,1.0,0.18333333333333332,0.18181818181818182,0.18181818181818182,0.5,0.08333333333333333,0.25,0.4,0.42857142857142855,0.8333333333333334,0.5,1.0,,0.16666666666666666,,,,,,,0.4,0.40148333333333336,0.3817,0.09375,0.13636363636363635,,0.13793103448275862,0.05172413793103448,22.35,0.08064516129032258,1.0,1.0,3.0,,,1.0,0.2,0.25,1.0,,,,1.0,0.5,,1.0,1.0,,,,3.0,,,1.0,,,,,0.06666666666666667,0.16666666666666666,,,,,,1.0,,,,1611661324,2012,2012,True
100915-100944-201499-202632-202644,1611661324,"Lindsay Whalen, Rebekkah Brunson, Candice Wiggins, Maya Moore, Amber Harris","Whalen, Brunson, Wiggins, Moore, Harris",100915-100944-201499-202632-202644,MIN,159.0,2,3.0,-1.0,6.0,6.0,12.0,3.0,3.0,8.0,,,,1.0,2.0,,1.0,108.67924528301887,8.333333333333334,18.166666666666668,8.333333333333334,18.166666666666668,0.75,1.0,0.7010666666666667,1.9333333333333333,2.0,4.0,,3.0,,,,,,,,,,,,1.0,,,1.0,3.0,,1.0,1.0,7.0,,,,,,,,,1.0,1.0,1.0,6.0,,,,,,,,3.0,,3.0,,3.0,,,6.0,,,,2.0,,2.0,,2.0,,,1.0,1.0,,,1.0,1.0,,,,2.0,,,,1.0,,,,,,7.0,1.0,2.0,,1.0,1.0,1.0,,,,,1.0,,,0.75,,,0.7,,0.25,0.25,,,,,,0.5,,1.0,,,,1.0,,,,,,,1.0,,1.0,,,,1.0,1.0,1.0,,,,,,,,,,0.25,,,,,,,,,,,,,1.0,,,,,,,,0.14285714285714285,62.1,0.3333333333333333,,,,,1.0,,,,,,,,,,1.0,,,,,,,,,,,,,,,,,,,,,,,,,1611661324,2012,2012,True
100915-100944-202257-202632-203016,1611661324,"Lindsay Whalen, Rebekkah Brunson, Monica Wright, Maya Moore, Devereaux Peters","Whalen, Brunson, Wright, Moore, Peters",100915-100944-202257-202632-203016,MIN,435.0,3,7.0,-7.0,11.0,11.0,22.0,5.0,9.0,15.0,,,,,2.0,1.0,6.0,72.82758620689656,21.363636363636363,18.181818181818183,20.818181818181817,12.363636363636363,0.45454545454545453,0.6363636363636364,0.4742454545454546,7.088888888888889,,,2.0,3.0,,,,,,1.0,,3.0,1.0,,,1.0,,,,3.0,,2.0,2.0,8.0,,1.0,,,,,,,,,,2.0,4.0,,,1.0,,1.0,,1.0,,1.0,,1.0,,,2.0,1.0,1.0,2.0,2.0,,4.0,2.0,6.0,,,2.0,1.0,1.0,1.0,,3.0,,,,2.0,2.0,2.0,,,,,,,,8.0,,,,,0.3333333333333333,0.3333333333333333,,,,,0.3333333333333333,,,0.2727272727272727,,,0.36363636363636365,,,0.18181818181818182,,0.1111111111111111,0.2,,,1.0,,0.5,0.16666666666666666,0.6666666666666666,0.5,0.5714285714285714,0.25,0.5,,,1.0,,1.0,0.3333333333333333,,0.6666666666666666,,,0.6,0.75,0.3333333333333333,0.09090909090909091,,,,0.2727272727272727,,,,0.09090909090909091,0.09090909090909091,,,,,,,,,,,,,,,0.3944,,0.18181818181818182,0.2222222222222222,,,,22.1,,2.0,,,,,,,,,,,,,,,,,,,,,1.0,,,,,,,,,,,,,,,,,,1611661324,2012,2012,True
100915-200671-201882-202257-202632,1611661324,"Lindsay Whalen, Seimone Augustus, Jessica Adair, Monica Wright, Maya Moore","Whalen, Augustus, Adair, Wright, Moore",100915-200671-201882-202257-202632,MIN,76.0,1,1.0,2.0,3.0,2.0,5.0,,,2.0,,,1.0,1.0,1.0,,,94.73684210526316,14.0,17.0,11.666666666666666,17.0,,1.0,0.61515,,1.0,2.0,1.0,,,,,,,,,,,,,1.0,,,1.0,,,1.0,4.0,4.0,,,,,2.0,2.0,,,1.0,2.0,2.0,,,,,1.0,,,,,,,,,,,,1.0,,,1.0,,1.0,1.0,2.0,,,,,,,,2.0,,,,4.0,,2.0,,,,,,,,2.0,2.0,1.0,,,,,,,,,,,,,,,0.6666666666666666,1.0,0.5,1.0,,,,,,,,1.0,,,1.0,1.0,1.0,,,,1.0,,,1.0,,,,,,,,,,,,,,,,,1.0,,,,,,,,,,,,,1.0,,,0.61515,0.6666666666666666,1.0,,0.5,0.5,21.7,0.3333333333333333,,,,,,,,,,,,,,,,,,,,,,,,,,,,,,,,,,,,,,,,1611661324,2012,2012,True
100915-201882-202257-202632-203016,1611661324,"Lindsay Whalen, Jessica Adair, Monica Wright, Maya Moore, Devereaux Peters","Whalen, Adair, Wright, Moore, Peters",100915-201882-202257-202632-203016,MIN,81.0,1,1.0,,3.0,2.0,5.0,,2.0,2.0,,,,,,,,88.88888888888889,11.333333333333334,23.5,11.333333333333334,23.5,,0.3333333333333333,0.45944999999999997,11.4,,,,,,,,,,1.0,1.0,1.0,,,,1.0,,,,1.0,,1.0,,2.0,,,,,,,,,,,,,2.0,,,1.0,,,,,,,,,,,,,,,1.0,,1.0,,1.0,,,,,,,,,,,,,,,,,,,,,,2.0,,,,,,,,,,,0.5,,,0.3333333333333333,,,0.3333333333333333,,,0.3333333333333333,,,,,,,,0.5,,,,0.5,,,,,,,,,1.0,,,,,,,0.3333333333333333,,,,0.3333333333333333,1.0,1.0,,,0.3333333333333333,,,,,,,,,,,,,,,,,,,,,,21.7,,,,,,,,,,,,,,,,,,,,,,,,,,,,,,,,,,,,,,,,,1611661324,2012,2012,True
100944-200671-201499-202257-202632,1611661324,"Rebekkah Brunson, Seimone Augustus, Candice Wiggins, Monica Wright, Maya Moore","Brunson, Augustus, Wiggins, Wright, Moore",100944-200671-201499-202257-202632,MIN,690.0,6,12.0,-13.0,19.0,20.0,39.0,2.0,7.0,30.0,2.0,1.0,1.0,2.0,4.0,3.0,6.0,81.3913043478261,18.31578947368421,17.1,17.736842105263158,15.2,0.18181818181818182,0.5454545454545454,0.4052590909090909,9.657142857142857,14.0,9.0,2.0,,,1.0,,2.0,,2.0,1.0,3.0,,,1.0,4.0,,1.0,3.0,1.0,1.0,4.0,12.0,17.0,,1.0,,1.0,,,1.0,6.0,3.0,8.0,10.0,2.0,,3.0,,4.0,1.0,3.0,,1.0,1.0,2.0,1.0,,,1.0,5.0,1.0,1.0,1.0,2.0,1.0,4.0,2.0,6.0,,1.0,2.0,,2.0,,3.0,8.0,,1.0,1.0,12.0,,4.0,,2.0,1.0,,1.0,1.0,,17.0,10.0,14.0,1.0,1.0,1.0,1.0,1.0,0.25,,0.25,0.14285714285714285,,0.16666666666666666,0.22727272727272727,,0.1111111111111111,0.5,,0.38461538461538464,0.36363636363636365,,0.42857142857142855,1.0,0.5,,0.5,1.0,0.2222222222222222,0.2,0.3333333333333333,0.3333333333333333,0.25,0.25,,0.5,,0.3333333333333333,,0.5,,,0.5,,,,,,0.18181818181818182,,,,0.2727272727272727,0.3333333333333333,0.3333333333333333,1.0,,0.36363636363636365,0.25,0.25,1.0,0.5,,,0.5,,,0.2222222222222222,,,0.3333333333333333,0.25,0.42795,0.39701111111111115,0.26666666666666666,0.36363636363636365,,,0.5882352941176471,22.625,0.7368421052631579,1.0,,,,,,,,,,,,,,,,,,,,,,,,,,,,,,,,,,,,,,,1611661324,2012,2012,True
100944-201499-202257-202632-202644,1611661324,"Rebekkah Brunson, Candice Wiggins, Monica Wright, Maya Moore, Amber Harris","Brunson, Wiggins, Wright, Moore, Harris",100944-201499-202257-202632-202644,MIN,1111.0,7,19.0,-15.0,35.0,35.0,70.0,10.0,16.0,48.0,3.0,2.0,,3.0,6.0,5.0,9.0,90.72907290729073,17.142857142857142,14.6,15.085714285714285,13.514285714285714,0.35714285714285715,0.7857142857142857,0.5196946428571428,5.66875,,10.0,7.0,5.0,2.0,3.0,,,,4.0,,2.0,2.0,,5.0,10.0,,2.0,,5.0,5.0,12.0,8.0,33.0,2.0,5.0,,2.0,,4.0,,,,,,6.0,4.0,12.0,,10.0,5.0,3.0,,3.0,4.0,7.0,4.0,3.0,,,18.0,2.0,3.0,3.0,5.0,1.0,9.0,5.0,14.0,,1.0,3.0,,3.0,,,5.0,,,,10.0,,5.0,,,1.0,1.0,,1.0,,29.0,,,1.0,,0.6,0.6,0.8,0.4166666666666667,,0.4166666666666667,0.3125,0.4,,0.44642857142857145,0.2857142857142857,,0.5,0.2857142857142857,,0.42857142857142855,,0.1875,0.1,0.5,,0.5,1.0,0.7142857142857143,0.2727272727272727,0.75,0.2857142857142857,0.7272727272727273,0.2777777777777778,0.2,0.25,0.5,0.2,0.5,0.6666666666666666,0.5,1.0,0.6666666666666666,,,0.5,0.5555555555555556,0.6,0.14285714285714285,,,,0.07142857142857142,,,,0.07142857142857142,0.35714285714285715,0.5,0.5,0.8,0.42857142857142855,0.6666666666666666,0.5,0.2857142857142857,,,,,,,0.5,0.5921666666666666,,0.15151515151515152,0.23809523809523808,,0.12121212121212122,,22.075,,,,3.0,,,,,,,,1.0,1.0,,,2.0,,,,,,,,,,,,,,,,,,,,,,,,,1611661324,2012,2012,True
100944-201499-202257-202632-203016,1611661324,"Rebekkah Brunson, Candice Wiggins, Monica Wright, Maya Moore, Devereaux Peters","Brunson, Wiggins, Wright, Moore, Peters",100944-201499-202257-202632-203016,MIN,1016.0,9,17.0,-11.0,34.0,32.0,66.0,10.0,19.0,40.0,5.0,4.0,,5.0,7.0,8.0,17.0,93.54330708661418,14.441176470588236,16.40625,14.058823529411764,14.875,0.3448275862068966,0.6896551724137931,0.5241689655172415,6.2105263157894735,12.0,15.0,3.0,4.0,1.0,1.0,1.0,2.0,,5.0,2.0,4.0,4.0,,1.0,6.0,,1.0,4.0,6.0,4.0,10.0,5.0,29.0,1.0,2.0,,1.0,,2.0,2.0,4.0,4.0,2.0,9.0,6.0,6.0,9.0,2.0,6.0,1.0,3.0,1.0,3.0,3.0,6.0,,2.0,,1.0,15.0,2.0,2.0,2.0,5.0,1.0,8.0,4.0,12.0,,1.0,2.0,2.0,,,3.0,8.0,1.0,,1.0,7.0,1.0,4.0,,,2.0,2.0,,2.0,1.0,27.0,9.0,12.0,1.0,,0.5,0.6,0.75,0.4,,0.4,0.3157894736842105,0.5,0.5,0.41379310344827586,0.3333333333333333,0.4375,0.453125,0.3333333333333333,0.5,0.3448275862068966,0.1,0.15789473684210525,0.3,,,0.2857142857142857,0.25,0.7142857142857143,0.15384615384615385,0.5,0.3333333333333333,0.6363636363636364,0.21052631578947367,,0.4,,0.2,1.0,0.5,1.0,1.0,0.6666666666666666,,0.5,0.4,0.5714285714285714,0.5,0.1724137931034483,,,,0.13793103448275862,0.5,0.5,0.5,0.13793103448275862,0.20689655172413793,0.16666666666666666,0.2,,0.3333333333333333,1.0,,0.3333333333333333,,,0.25,0.5,,0.5,0.16666666666666666,0.4725333333333333,0.52315,0.125,0.18181818181818182,,0.06896551724137931,0.3103448275862069,22.169999999999998,0.35294117647058826,,3.0,3.0,,,3.0,0.75,0.75,1.0,,,1.0,,,1.0,1.0,,,1.0,1.0,,,1.0,,,,,0.25,0.16666666666666666,,,0.25,,,,1.0,,,,1611661324,2012,2012,True
100412-100835-100915-100944-200671,1611661324,"Taj McWilliams-Franklin, Erin Thorn, Lindsay Whalen, Rebekkah Brunson, Seimone Augustus","McWilliams-Franklin, Thorn, Whalen, Brunson, Augustus",100412-100835-100915-100944-200671,MIN,162.0,1,3.0,-1.0,5.0,5.0,10.0,1.0,4.0,7.0,,,1.0,1.0,1.0,,,88.88888888888889,19.2,13.2,16.4,13.2,0.2,0.4,0.48788,12.65,5.0,5.0,1.0,1.0,,,1.0,1.0,,,2.0,3.0,1.0,1.0,,,,,,3.0,,1.0,,6.0,,,,1.0,,,3.0,4.0,1.0,,6.0,2.0,4.0,,,,,,,1.0,,1.0,,,,1.0,2.0,,1.0,,1.0,,1.0,1.0,2.0,,,,,,,1.0,1.0,,,,,,,,,,,,,,6.0,6.0,5.0,,,0.3333333333333333,0.3333333333333333,,,,,0.75,,0.75,0.6,,0.6,0.6,,0.6,0.2,,,,,,,,1.0,1.0,,,1.0,0.5,,,1.0,,,,,1.0,,,,1.0,1.0,,,,,,0.6,0.6666666666666666,0.6666666666666666,0.5,0.2,,,,,,,,,,,0.2,1.0,0.2,,,0.6546,0.48788,,,,,1.0,21.5,1.0,,,,,,,,,,,,,,,,,1.0,,,,,,,,,,,,,1.0,,,,,,,,,,1611661324,2012,2012,True
100412-100835-200671-201499-202257,1611661324,"Taj McWilliams-Franklin, Erin Thorn, Seimone Augustus, Candice Wiggins, Monica Wright","McWilliams-Franklin, Thorn, Augustus, Wiggins, Wright",100412-100835-200671-201499-202257,MIN,35.0,1,1.0,2.0,1.0,1.0,2.0,,1.0,,,,,,,1.0,1.0,82.28571428571428,27.0,8.0,26.0,8.0,,,0.2736,15.1,1.0,,1.0,,,,,,,,,1.0,,,,,,,,,,,2.0,2.0,,,,,2.0,2.0,,1.0,,2.0,2.0,,,,,,,,,,,,,,,,,,1.0,,,1.0,1.0,1.0,2.0,,,,,,,,1.0,,,,2.0,,1.0,,,,,,,,,2.0,1.0,,,,,,,,,,,,,,,0.5,1.0,0.5,,,,,,,,1.0,,1.0,,,,1.0,,,1.0,,,,,,,,,,,,,,,,1.0,,,,,,,,,,,,,,,,,,,,,0.2736,0.5,0.5,,1.0,1.0,,1.0,,,,,,,,,,,,,,,,,,,,,,,,,,,,,,,,,,,,,,,,1611661324,2012,2012,True
100412-100835-200671-201499-202632,1611661324,"Taj McWilliams-Franklin, Erin Thorn, Seimone Augustus, Candice Wiggins, Maya Moore","McWilliams-Franklin, Thorn, Augustus, Wiggins, Moore",100412-100835-200671-201499-202632,MIN,786.0,4,13.0,-19.0,22.0,21.0,43.0,8.0,15.0,37.0,,,,2.0,2.0,3.0,6.0,78.77862595419847,20.40909090909091,16.047619047619047,18.227272727272727,14.857142857142858,0.34782608695652173,0.6956521739130435,0.48372608695652175,6.913333333333333,4.0,5.0,3.0,2.0,1.0,4.0,,,1.0,4.0,,3.0,2.0,,,6.0,,2.0,1.0,3.0,,8.0,12.0,18.0,1.0,5.0,,2.0,2.0,4.0,,,1.0,7.0,7.0,2.0,4.0,,2.0,6.0,,4.0,,1.0,,1.0,,1.0,,,2.0,3.0,6.0,4.0,1.0,,5.0,9.0,14.0,1.0,,,,,,,11.0,,,1.0,14.0,,2.0,,5.0,,,,,,14.0,,,,,0.3333333333333333,0.5,,,,,0.2,0.2,,0.13043478260869565,0.14285714285714285,,0.3,0.25,0.7,0.34782608695652173,,0.26666666666666666,0.375,0.25,,,,0.3333333333333333,0.5,0.6666666666666666,0.375,0.5555555555555556,0.45,0.8333333333333334,0.3333333333333333,,0.5,,0.5,,,0.8,0.0625,,0.25,0.4,0.5,0.17391304347826086,0.25,0.3333333333333333,,0.13043478260869565,,,,0.08695652173913043,0.2608695652173913,,,,0.5714285714285714,0.25,,0.2857142857142857,,,,,,1.0,,0.546425,0.39885,0.08,0.11764705882352941,,0.2222222222222222,0.3888888888888889,22.375,0.18181818181818182,,,,,,,,,,,,,,,,1.0,,,,,,,,,,,,,,,,,,,,,,,,1611661324,2012,2012,True
100412-100835-201499-201882-202257,1611661324,"Taj McWilliams-Franklin, Erin Thorn, Candice Wiggins, Jessica Adair, Monica Wright","McWilliams-Franklin, Thorn, Wiggins, Adair, Wright",100412-100835-201499-201882-202257,MIN,144.0,1,2.0,-2.0,5.0,5.0,10.0,5.0,5.0,6.0,1.0,1.0,,,1.0,3.0,3.0,100.0,16.4,12.4,13.0,12.4,0.8333333333333334,1.0,0.6250333333333333,1.1800000000000002,,,2.0,2.0,2.0,2.0,,,,,,,,,,1.0,,,,2.0,,1.0,,4.0,2.0,2.0,,,,4.0,,,,,,2.0,2.0,,2.0,1.0,,,,1.0,,1.0,,1.0,,,2.0,1.0,1.0,,1.0,,1.0,2.0,3.0,,,1.0,1.0,,,,1.0,,1.0,,,,,,,,,,,,,,,,,0.5,1.0,,,,,0.4,1.0,,0.3333333333333333,1.0,,0.3333333333333333,1.0,,0.16666666666666666,,,,,,1.0,,0.5,0.3333333333333333,,1.0,0.5,0.5,0.3333333333333333,,,1.0,,,,0.5,,,,0.4,0.4,0.5,,,,,,,,,,0.16666666666666666,,,,1.0,1.0,0.5,,,,,,,,,0.7242,,,,,1.0,,20.8,,,,,,,,,,,,,,,,,,,,,,,,,,,,,,,,,,,,,,,,,1611661324,2012,2012,True
100412-100835-201499-202257-203016,1611661324,"Taj McWilliams-Franklin, Erin Thorn, Candice Wiggins, Monica Wright, Devereaux Peters","McWilliams-Franklin, Thorn, Wiggins, Wright, Peters",100412-100835-201499-202257-203016,MIN,178.0,2,3.0,-4.0,9.0,7.0,16.0,,5.0,10.0,1.0,1.0,1.0,3.0,4.0,3.0,5.0,129.43820224719101,11.0,11.285714285714286,10.555555555555555,11.285714285714286,,,0.34487999999999996,10.98,3.0,6.0,1.0,,,,,,2.0,3.0,1.0,2.0,,,,,,,,3.0,,,,6.0,,1.0,,,,,1.0,3.0,,,2.0,,6.0,,,,,,,,,,,,,,,,1.0,1.0,,2.0,3.0,1.0,4.0,,,1.0,1.0,,1.0,1.0,,,,,,,,,,,,,,,6.0,2.0,3.0,1.0,,,,,,,,0.6,,0.3333333333333333,0.6,,0.3333333333333333,0.6,,0.3333333333333333,,,,,,,0.25,1.0,,1.0,1.0,,1.0,1.0,,,1.0,,,,,,1.0,,,,,,0.6,0.6666666666666666,0.6666666666666666,,0.4,0.5,0.5,,,,,,,,,,,,,,,,,,0.3855,0.35283333333333333,,,,,0.3333333333333333,,0.3333333333333333,,,,,,,,,,,,,,,1.0,,,,,,,,,,,,,,,,,,,,,,,,,1611661324,2012,2012,True
100412-100915-100944-201499-202257,1611661324,"Taj McWilliams-Franklin, Lindsay Whalen, Rebekkah Brunson, Candice Wiggins, Monica Wright","McWilliams-Franklin, Whalen, Brunson, Wiggins, Wright",100412-100915-100944-201499-202257,MIN,910.0,9,15.0,-10.0,26.0,30.0,56.0,9.0,19.0,30.0,4.0,3.0,2.0,4.0,5.0,2.0,7.0,88.61538461538461,16.923076923076923,15.666666666666666,16.0,14.7,0.391304347826087,0.5652173913043478,0.455045652173913,5.842105263157895,11.0,8.0,2.0,3.0,,,1.0,5.0,4.0,10.0,,,1.0,1.0,1.0,3.0,,,2.0,7.0,2.0,4.0,,20.0,,1.0,1.0,1.0,,3.0,4.0,8.0,3.0,,11.0,10.0,4.0,6.0,,3.0,1.0,2.0,,5.0,2.0,7.0,1.0,3.0,2.0,,16.0,1.0,,1.0,7.0,2.0,10.0,2.0,12.0,,1.0,1.0,1.0,,,1.0,8.0,,,2.0,2.0,2.0,2.0,,,2.0,1.0,1.0,2.0,2.0,17.0,11.0,11.0,,,0.7142857142857143,0.7142857142857143,1.0,0.5,1.0,0.5,0.3684210526315789,,0.5,0.43478260869565216,0.75,0.5,0.43478260869565216,0.75,0.5,0.17391304347826086,,0.10526315789473684,0.2222222222222222,,,0.2,1.0,0.875,,1.0,0.5,0.8888888888888888,0.07142857142857142,,,,0.5,,0.5,1.0,1.0,1.0,,1.0,0.3333333333333333,0.42857142857142855,1.0,0.43478260869565216,0.4,0.4,0.5,,,,,0.043478260869565216,0.13043478260869565,0.3333333333333333,0.3333333333333333,1.0,,,,,,,0.45454545454545453,0.2,0.09090909090909091,0.18181818181818182,0.3333333333333333,0.3671,0.49199545454545457,0.08695652173913043,0.10526315789473684,,0.15,0.55,22.775,0.4230769230769231,1.0,1.0,,,,1.0,1.0,1.0,1.0,,,,1.0,0.5,2.0,,1.0,1.0,,1.0,,,,,,,,0.3333333333333333,,0.5,1.0,,1.0,1.0,1.0,,,,,1611661324,2012,2012,True
100412-100915-200671-201499-201882,1611661324,"Taj McWilliams-Franklin, Lindsay Whalen, Seimone Augustus, Candice Wiggins, Jessica Adair","McWilliams-Franklin, Whalen, Augustus, Wiggins, Adair",100412-100915-200671-201499-201882,MIN,87.0,2,1.0,-1.0,2.0,4.0,6.0,1.0,2.0,5.0,,,,,,1.0,1.0,99.3103448275862,16.0,13.75,16.0,13.75,0.3333333333333333,0.6666666666666666,0.48915,8.2,1.0,2.0,1.0,,,,,,,,1.0,1.0,,,,1.0,,,1.0,1.0,,1.0,2.0,4.0,,,,,2.0,2.0,1.0,1.0,1.0,,2.0,2.0,,,,,,,,1.0,,1.0,,,,1.0,2.0,,1.0,,1.0,,1.0,1.0,2.0,,,,,,,,2.0,1.0,,,2.0,,1.0,,,,,,,,2.0,2.0,1.0,,,1.0,1.0,,,,,0.5,,1.0,0.3333333333333333,,0.5,0.5,1.0,0.5,0.3333333333333333,,,,,,,,1.0,1.0,,,1.0,1.0,1.0,,,,,,,1.0,,,,,,,,,,,0.3333333333333333,1.0,1.0,1.0,,0.3333333333333333,,,,,,,,,,,,,0.5,,,0.3919,0.25,0.3333333333333333,,0.5,0.5,48.3,0.5,,,,,1.0,,,,,,,,,,,,,,,,,,,,,,,,,,,,,,,,,,,1611661324,2012,2012,True
100412-100915-200671-201882-202632,1611661324,"Taj McWilliams-Franklin, Lindsay Whalen, Seimone Augustus, Jessica Adair, Maya Moore","McWilliams-Franklin, Whalen, Augustus, Adair, Moore",100412-100915-200671-201882-202632,MIN,335.0,3,6.0,6.0,11.0,10.0,21.0,3.0,7.0,9.0,1.0,1.0,1.0,1.0,2.0,2.0,3.0,90.26865671641792,16.90909090909091,14.9,16.818181818181817,14.9,0.3333333333333333,0.5555555555555556,0.5048944444444445,7.442857142857143,,,1.0,1.0,,1.0,,,2.0,2.0,2.0,2.0,,,1.0,2.0,,,,5.0,1.0,2.0,2.0,15.0,,1.0,,,,,,,,,,6.0,4.0,3.0,,2.0,1.0,,,3.0,1.0,4.0,1.0,1.0,1.0,1.0,9.0,,1.0,,3.0,,3.0,1.0,4.0,1.0,,1.0,,1.0,,,3.0,,,1.0,2.0,,1.0,,,,,,,,15.0,,,,,0.6,0.6,1.0,0.5,,0.5,0.7142857142857143,,,0.7222222222222222,,,0.75,,,0.2222222222222222,,,,,,0.5,,1.0,0.5,,,1.0,0.3333333333333333,0.5,,,,,1.0,1.0,1.0,,0.3333333333333333,,0.3333333333333333,0.3333333333333333,1.0,0.2222222222222222,1.0,1.0,0.5,0.2222222222222222,1.0,1.0,0.5,,0.2222222222222222,0.5,0.5,1.0,1.0,,,,,,,,,,0.5,0.7536,,0.1,0.125,,,,22.35,,,,,,,,,,,,,,,,,,,,,,,,,,,,,,,,,,,,,,,,,1611661324,2012,2012,True
100412-100915-200671-202257-202644,1611661324,"Taj McWilliams-Franklin, Lindsay Whalen, Seimone Augustus, Monica Wright, Amber Harris","McWilliams-Franklin, Whalen, Augustus, Wright, Harris",100412-100915-200671-202257-202644,MIN,435.0,3,7.0,-7.0,12.0,14.0,26.0,3.0,5.0,19.0,1.0,1.0,,1.0,3.0,1.0,3.0,86.06896551724138,19.333333333333332,14.5,19.0,12.428571428571429,0.375,0.75,0.57758125,7.92,5.0,8.0,1.0,2.0,1.0,1.0,,1.0,,,1.0,2.0,1.0,,,2.0,,,,3.0,1.0,3.0,3.0,12.0,1.0,1.0,,,,2.0,1.0,2.0,,2.0,4.0,2.0,4.0,3.0,,2.0,,2.0,,1.0,1.0,2.0,,1.0,,,5.0,1.0,,1.0,2.0,,3.0,1.0,4.0,,,2.0,1.0,1.0,,1.0,3.0,,,,4.0,,2.0,,,,,,,,10.0,4.0,5.0,,,0.3333333333333333,0.3333333333333333,1.0,0.3333333333333333,,0.3333333333333333,0.6,1.0,0.5,0.5625,1.0,0.5,0.6,1.0,0.6666666666666666,0.375,,0.4,0.3333333333333333,,,0.6666666666666666,,1.0,,1.0,0.5,1.0,0.25,,,,0.5,,,1.0,1.0,,,,0.6666666666666666,1.0,0.5,,,,,0.25,0.5,1.0,,0.125,0.25,,,,1.0,1.0,,,,,0.5,,,,,,0.53305,0.2,0.2857142857142857,,0.16666666666666666,0.3333333333333333,21.666666666666668,0.4166666666666667,,1.0,,,,1.0,1.0,1.0,1.0,0.5,1.0,,,,1.0,,,,,,,,,,,,,,,,,,,,,,,,,1611661324,2012,2012,True
100412-100915-201499-201882-202257,1611661324,"Taj McWilliams-Franklin, Lindsay Whalen, Candice Wiggins, Jessica Adair, Monica Wright","McWilliams-Franklin, Whalen, Wiggins, Adair, Wright",100412-100915-201499-201882-202257,MIN,136.0,2,2.0,2.0,4.0,5.0,9.0,,,5.0,1.0,1.0,,,1.0,,,95.29411764705883,23.5,8.4,20.75,8.4,,1.0,0.5971125,,1.0,4.0,1.0,,,,,,,,,,,,2.0,4.0,1.0,1.0,1.0,,2.0,4.0,1.0,7.0,,,1.0,1.0,,3.0,,,1.0,1.0,1.0,,,6.0,,4.0,2.0,,,,2.0,2.0,2.0,,,,6.0,1.0,,,1.0,,1.0,1.0,2.0,,,1.0,1.0,,,,3.0,,,1.0,2.0,,1.0,,,,,,,,4.0,1.0,1.0,,,,,1.0,0.5,1.0,0.5,,,,0.75,1.5,,0.7,1.5,0.25,1.0,,,,,,1.0,,1.0,,,0.5,1.0,0.5,,,,0.5,,,,1.0,,,,,,,,,,,,,,,,1.0,0.5,0.5,1.0,,,,1.0,1.0,1.0,,,,1.0,0.5,,0.5361,0.2,1.0,,0.42857142857142855,0.14285714285714285,21.525,0.25,,,,,,,,,,,,,,,,,,,,,,,,,,,,,,,,,,,,,,,,1611661324,2012,2012,True
100412-100915-201499-202257-203016,1611661324,"Taj McWilliams-Franklin, Lindsay Whalen, Candice Wiggins, Monica Wright, Devereaux Peters","McWilliams-Franklin, Whalen, Wiggins, Wright, Peters",100412-100915-201499-202257-203016,MIN,469.0,4,8.0,8.0,15.0,13.0,28.0,7.0,13.0,11.0,3.0,3.0,,2.0,2.0,1.0,3.0,85.97014925373135,16.133333333333333,17.46153846153846,14.266666666666667,16.307692307692307,0.4666666666666667,0.6,0.54011,6.038461538461538,2.0,4.0,2.0,4.0,,1.0,,1.0,2.0,3.0,1.0,3.0,,,,2.0,,1.0,1.0,7.0,,2.0,5.0,19.0,,1.0,,1.0,,,1.0,2.0,1.0,,2.0,10.0,4.0,,,2.0,,,,5.0,,5.0,,2.0,2.0,1.0,10.0,,2.0,3.0,2.0,,5.0,2.0,7.0,,,,,,,,5.0,,1.0,,5.0,3.0,4.0,,,,,,,,19.0,2.0,2.0,,,0.7142857142857143,0.7142857142857143,,,,,0.5384615384615384,,0.5,0.4666666666666667,,0.3333333333333333,0.59375,,0.3333333333333333,0.13333333333333333,,,,,,,,0.6666666666666666,0.3333333333333333,1.0,,0.8333333333333334,0.2857142857142857,0.6666666666666666,,,,,,1.0,0.5,1.0,,,0.5714285714285714,0.5714285714285714,0.5,0.2,0.6666666666666666,0.6666666666666666,1.0,0.2,0.3333333333333333,0.3333333333333333,1.0,,0.13333333333333333,,,,0.5,,,0.5,,,0.3333333333333333,,,0.3333333333333333,,0.53105,0.5787,0.25,0.2857142857142857,,,0.10526315789473684,22.25,0.13333333333333333,,,,,,,,,,,1.0,,,,1.0,,,,,,,,,,,,,,,,,,,,,,,,,1611661324,2012,2012,True
100412-100944-200671-201499-202632,1611661324,"Taj McWilliams-Franklin, Rebekkah Brunson, Seimone Augustus, Candice Wiggins, Maya Moore","McWilliams-Franklin, Brunson, Augustus, Wiggins, Moore",100412-100944-200671-201499-202632,MIN,2315.0,11,39.0,-3.0,74.0,71.0,145.0,21.0,47.0,78.0,12.0,7.0,3.0,4.0,14.0,9.0,20.0,90.19438444924405,14.635135135135135,17.35211267605634,13.945945945945946,15.070422535211268,0.3442622950819672,0.5737704918032787,0.5016416666666667,7.806382978723404,15.0,9.0,6.0,16.0,2.0,5.0,3.0,5.0,4.0,13.0,4.0,13.0,3.0,1.0,5.0,11.0,,,2.0,24.0,5.0,14.0,12.0,75.0,3.0,7.0,,,,6.0,3.0,11.0,3.0,3.0,9.0,24.0,24.0,9.0,4.0,11.0,5.0,4.0,,12.0,3.0,15.0,3.0,8.0,2.0,2.0,33.0,,6.0,,11.0,2.0,13.0,7.0,20.0,2.0,5.0,10.0,8.0,2.0,1.0,3.0,15.0,1.0,,4.0,14.0,2.0,7.0,,1.0,2.0,,1.0,2.0,2.0,69.0,9.0,15.0,2.0,1.0,0.5,0.5454545454545454,0.6,0.35714285714285715,,0.35714285714285715,0.5106382978723404,0.42857142857142855,0.2727272727272727,0.5163934426229508,0.42857142857142855,0.21428571428571427,0.5597014925373134,0.42857142857142855,0.3,0.22950819672131148,,0.0851063829787234,0.047619047619047616,0.23076923076923078,,0.7142857142857143,0.6666666666666666,0.5,0.2608695652173913,,,0.36666666666666664,0.1935483870967742,0.2,0.3333333333333333,0.2222222222222222,,,0.375,0.8,0.4444444444444444,,0.07407407407407407,1.0,0.7619047619047619,0.8,0.5,0.21311475409836064,0.3076923076923077,0.4,0.5,0.21311475409836064,0.3076923076923077,0.3076923076923077,0.5,0.04918032786885246,0.18032786885245902,0.45454545454545453,0.45454545454545453,0.6,0.7142857142857143,0.4,,,,,0.35714285714285715,0.6,0.07142857142857142,0.14285714285714285,0.45454545454545453,0.5395,0.5090071428571429,0.10606060606060606,0.1346153846153846,,0.08,0.12,22.87857142857143,0.20270270270270271,2.0,,6.0,,,,,,,,,,1.0,0.5,1.0,,,,,,,,,1.0,,,1.0,,,,,,,,,,,,,1611661324,2012,2012,True
100412-200671-201499-201882-202257,1611661324,"Taj McWilliams-Franklin, Seimone Augustus, Candice Wiggins, Jessica Adair, Monica Wright","McWilliams-Franklin, Augustus, Wiggins, Adair, Wright",100412-200671-201499-201882-202257,MIN,531.0,5,9.0,-15.0,13.0,16.0,29.0,2.0,11.0,22.0,2.0,1.0,1.0,1.0,1.0,2.0,6.0,78.64406779661017,22.53846153846154,14.875,18.846153846153847,13.8125,0.15384615384615385,0.3076923076923077,0.4447615384615385,11.072727272727272,1.0,3.0,2.0,2.0,,,,,,4.0,,5.0,1.0,,,1.0,,,,2.0,,2.0,3.0,7.0,,2.0,,,,,,2.0,,,,,4.0,,,1.0,,1.0,,,,,,,,,,1.0,2.0,2.0,1.0,,3.0,3.0,6.0,,1.0,,,,,,6.0,,,1.0,4.0,,2.0,,,1.0,,1.0,1.0,,7.0,,1.0,1.0,,,,,,,,0.18181818181818182,,,0.15384615384615385,,,0.23333333333333334,,,0.15384615384615385,,0.09090909090909091,,0.25,,,,0.25,0.2222222222222222,1.0,0.5,0.5,0.2727272727272727,,,0.4,1.0,,1.0,,,1.0,,,1.0,1.0,,0.3076923076923077,,,,0.38461538461538464,,,,0.07692307692307693,0.07692307692307693,,,,,,,,,,,,,,,0.3666,0.3914,0.13333333333333333,0.15384615384615385,,,,22.8,0.07692307692307693,,,,,,,,,,,,,,,,,,,,,,,,,,,,,,,,,,,,,,,,1611661324,2012,2012,True
100412-200671-201499-202257-203016,1611661324,"Taj McWilliams-Franklin, Seimone Augustus, Candice Wiggins, Monica Wright, Devereaux Peters","McWilliams-Franklin, Augustus, Wiggins, Wright, Peters",100412-200671-201499-202257-203016,MIN,721.0,5,12.0,5.0,23.0,24.0,47.0,5.0,18.0,21.0,2.0,1.0,,1.0,4.0,1.0,7.0,93.86962552011094,15.695652173913043,15.0,13.521739130434783,13.916666666666666,0.20833333333333334,0.4583333333333333,0.4597708333333333,11.850000000000001,,10.0,6.0,3.0,1.0,2.0,,,1.0,2.0,3.0,11.0,1.0,,4.0,5.0,,,,7.0,4.0,6.0,,26.0,2.0,4.0,,,,4.0,,,,,,12.0,2.0,9.0,2.0,5.0,4.0,1.0,,6.0,3.0,9.0,3.0,2.0,1.0,3.0,21.0,,5.0,3.0,6.0,,9.0,6.0,15.0,1.0,1.0,3.0,3.0,,3.0,,2.0,,,,,,,,,1.0,,1.0,1.0,1.0,22.0,,,2.0,,0.8571428571428571,1.0,0.75,0.6666666666666666,,0.6666666666666666,0.3888888888888889,0.5,,0.5416666666666666,0.5,,0.5416666666666666,0.5,,0.25,,0.05555555555555555,0.2,,,0.75,,0.6,0.45454545454545453,0.75,,0.6428571428571429,0.38461538461538464,1.0,,0.375,,,0.5,0.25,1.0,0.6666666666666666,0.08333333333333333,1.0,0.6,0.75,0.6666666666666666,0.08333333333333333,0.5,0.5,1.0,0.4583333333333333,0.2727272727272727,0.2727272727272727,1.0,0.041666666666666664,0.20833333333333334,0.8,0.8,0.75,0.5,0.5,,,,,,,,,0.8,0.498125,,,,,0.15384615384615385,,21.883333333333336,,1.0,,3.0,,,,,,,,1.0,,1.0,1.0,1.0,,,,,,,1.0,,,,,,,,,,,,,,,,,,1611661324,2012,2012,True
100835-100944-200671-202257-202632,1611661324,"Erin Thorn, Rebekkah Brunson, Seimone Augustus, Monica Wright, Maya Moore","Thorn, Brunson, Augustus, Wright, Moore",100835-100944-200671-202257-202632,MIN,56.0,1,1.0,3.0,2.0,1.0,3.0,,,,,,1.0,1.0,1.0,,,77.14285714285714,21.0,14.0,21.0,14.0,,1.0,0.4284,,2.0,1.0,,,,,,,,,,,,,1.0,1.0,,,1.0,,1.0,1.0,,3.0,,,,,,,,,1.0,,3.0,,,3.0,,1.0,1.0,,,,1.0,1.0,1.0,,,,3.0,,,,1.0,,1.0,,1.0,,,,,,,1.0,1.0,,,,,,,,,,,,,,3.0,3.0,2.0,,,,,1.0,1.0,,1.0,,,,1.5,,1.5,1.5,,1.5,1.0,,,,,,,,1.0,,,,1.0,,,,,,,,,1.0,,,,,,,,,,,,,,,,1.0,1.0,1.0,1.0,,,,,,,,,,1.0,1.0,,0.4284,,,,,1.0,22.3,1.0,,,,,,,,,,,,,,,,,,,1.0,1.0,,,,,,,,1.0,,,,1.0,,,,,,,,1611661324,2012,2012,True
100835-200671-201499-202632-203016,1611661324,"Erin Thorn, Seimone Augustus, Candice Wiggins, Maya Moore, Devereaux Peters","Thorn, Augustus, Wiggins, Moore, Peters",100835-200671-201499-202632-203016,MIN,105.0,1,2.0,-2.0,4.0,4.0,8.0,2.0,4.0,4.0,,,,,,,,109.71428571428571,16.25,10.0,12.5,8.75,0.4,0.6,0.52191,5.35,,,1.0,1.0,1.0,1.0,,,,2.0,,,,,,1.0,,,,1.0,,1.0,,2.0,1.0,2.0,,,,2.0,,,,,,,2.0,,,1.0,,1.0,,,,,,,,,,,1.0,2.0,,,2.0,1.0,3.0,,,,,,,,,,,,,,,,,,,,,,,,,,,,,,,,,0.25,0.5,,0.2,0.5,,0.2,0.5,,0.2,,0.25,0.5,,,,,,0.3333333333333333,0.6666666666666666,,0.5,0.25,,0.5,,,,,,,0.6666666666666666,,,0.5,1.0,,0.4,,,,,,,,,0.2,,,,0.5,1.0,,,,,,,,,,0.5624,,,,,1.0,,22.1,,,,,,,,,,,,,,,,,,,,,,,,,,,,,,,,,,,,,,,,,1611661324,2012,2012,True
100835-201499-201882-202257-202632,1611661324,"Erin Thorn, Candice Wiggins, Jessica Adair, Monica Wright, Maya Moore","Thorn, Wiggins, Adair, Wright, Moore",100835-201499-201882-202257-202632,MIN,395.0,3,7.0,16.0,15.0,15.0,30.0,6.0,11.0,5.0,1.0,,1.0,2.0,2.0,3.0,3.0,109.36708860759494,13.266666666666667,13.066666666666666,13.2,12.8,0.5,0.5833333333333334,0.4898166666666666,5.763636363636364,10.0,13.0,1.0,6.0,1.0,1.0,3.0,3.0,2.0,3.0,,2.0,,,1.0,1.0,,,,8.0,1.0,1.0,2.0,21.0,1.0,1.0,,,,2.0,5.0,6.0,,2.0,12.0,12.0,4.0,3.0,2.0,1.0,1.0,,,6.0,1.0,7.0,1.0,4.0,2.0,,15.0,,1.0,2.0,5.0,,7.0,1.0,8.0,,1.0,,,,,2.0,2.0,1.0,,,2.0,,,,1.0,1.0,1.0,,1.0,1.0,19.0,12.0,10.0,,1.0,0.75,0.8571428571428571,1.0,1.0,,1.0,0.7272727272727273,1.0,0.8333333333333334,0.7916666666666666,1.0,0.8333333333333334,0.8076923076923077,1.0,0.8571428571428571,0.08333333333333333,,,,,,,,1.0,0.3333333333333333,0.6666666666666666,,0.875,0.3333333333333333,,1.0,,,,1.0,1.0,1.0,0.5,,1.0,1.0,1.0,0.6666666666666666,0.25,0.6666666666666666,0.6666666666666666,1.0,0.16666666666666666,,,,,0.08333333333333333,1.0,1.0,1.0,1.0,1.0,,,,,0.5,1.0,,,1.0,0.5924,0.48111666666666664,,,,0.09523809523809523,0.5714285714285714,22.2,0.6666666666666666,,,,,,,,,,,1.0,,,,,,,,,,1.0,,,,,,,,,,,,,,,,,,,1611661324,2012,2012,True
100915-100944-200671-201499-202644,1611661324,"Lindsay Whalen, Rebekkah Brunson, Seimone Augustus, Candice Wiggins, Amber Harris","Whalen, Brunson, Augustus, Wiggins, Harris",100915-100944-200671-201499-202644,MIN,51.0,1,1.0,,1.0,2.0,3.0,1.0,1.0,,1.0,1.0,,,,,,84.70588235294117,16.0,17.5,16.0,17.5,1.0,1.0,0.5611,1.7,1.0,,,,,,,1.0,,,,,,,,,,,,,,,,,,,,,,,,1.0,,,,,,,,,,1.0,,,,,,,,,,,,,1.0,,1.0,,1.0,,,,,,,,,,,,,,,,,,,,,,,,1.0,,,,,,,,,,,,,,,,,,,,1.0,1.0,,,,,1.0,,,,1.0,,,,,,,,,1.0,,,,,,,,,,,,,,,,,,,,,,,,,,1.0,,,,,,0.5611,,,,,,,1.0,,,,,,,,,,,,,,,,,,,,,,,,,,,,,,,,,,,,,,,,1611661324,2012,2012,True
100915-100944-200671-202257-202644,1611661324,"Lindsay Whalen, Rebekkah Brunson, Seimone Augustus, Monica Wright, Amber Harris","Whalen, Brunson, Augustus, Wright, Harris",100915-100944-200671-202257-202644,MIN,64.0,1,1.0,2.0,2.0,2.0,4.0,,2.0,,,,,,,,,90.0,11.0,21.0,11.0,21.0,,,0.3593,11.35,,,,,,,,,,1.0,1.0,1.0,,,,,,,,1.0,,,,2.0,,,,,,,,,,,,2.0,,,,,,,,1.0,,1.0,,,,1.0,2.0,,,,1.0,,1.0,,1.0,,,,,,,,1.0,,,1.0,,,,,,,,,,,2.0,,,,,1.0,1.0,,,,,0.5,,,0.5,,,0.5,,,,,,,,,,,1.0,,,,1.0,,,,,,,,1.0,,,,,,,,0.5,,,,0.5,1.0,1.0,1.0,,,,,,,,,,,,,,,,,,,,,,,,,,,,,,,,,,,,,,,,,,,,,,,,,,,,,,,,,,,,,,,,,1611661324,2012,2012,True
100915-200671-201499-201882-203016,1611661324,"Lindsay Whalen, Seimone Augustus, Candice Wiggins, Jessica Adair, Devereaux Peters","Whalen, Augustus, Wiggins, Adair, Peters",100915-200671-201499-201882-203016,MIN,38.0,1,1.0,3.0,2.0,1.0,3.0,1.0,1.0,,,,,,,,1.0,113.6842105263158,13.0,12.0,13.0,12.0,1.0,1.0,0.6808,0.5,2.0,,,,,,,1.0,,,,,,,,,,,,,,,3.0,3.0,,,,,,,,1.0,,3.0,3.0,,,,,,,,,,,,,,,,,,,,,,,,,,,,,,,,2.0,,,1.0,3.0,,,1.0,,,,,,,3.0,3.0,2.0,,,,,,,,,,,,,,,0.75,,0.75,,,,,,,,,,,,,,,,,,,,,,,,,,,,,,,,,,,,,,,,,,,,,,,,1.0,,,,,,0.6808,0.5,,1.0,,1.0,,1.0,,,,,,,,,,,,,,,,,,,,,,,,,,,,,,,,,,,,,,,,1611661324,2012,2012,True
100915-200671-202257-202632-203016,1611661324,"Lindsay Whalen, Seimone Augustus, Monica Wright, Maya Moore, Devereaux Peters","Whalen, Augustus, Wright, Moore, Peters",100915-200671-202257-202632-203016,MIN,55.0,1,1.0,-2.0,2.0,2.0,4.0,2.0,2.0,2.0,,,,,,,,104.72727272727273,19.0,8.5,17.0,8.5,1.0,1.0,0.60285,1.65,,,1.0,,,1.0,,,,,,,,,,,,,,,,,,,,1.0,,,,,,,,,,,,,,,,,,,,,,,,,,,,,,,,,,,,,,,,,,,,,,,,,,,,,,,,,,,,,,,,,,,,,,,,,,,,,,,,,,,,,,,,,,,,,,,,,,,,,,,,,,,,,,,,,,,,1.0,,,,,,,,,,,0.5695,,,,,,,,,,,,,,,,,,,,,,,,,,,,,,,,,,,,,,,,,,,,,,,,1611661324,2012,2012,True
100944-200671-201499-202257-202644,1611661324,"Rebekkah Brunson, Seimone Augustus, Candice Wiggins, Monica Wright, Amber Harris","Brunson, Augustus, Wiggins, Wright, Harris",100944-200671-201499-202257-202644,MIN,764.0,7,13.0,7.0,23.0,22.0,45.0,5.0,18.0,24.0,3.0,3.0,1.0,2.0,3.0,3.0,7.0,84.81675392670158,15.173913043478262,18.863636363636363,14.26086956521739,15.863636363636363,0.19230769230769232,0.5,0.469856,10.56111111111111,3.0,8.0,5.0,3.0,1.0,1.0,,1.0,4.0,6.0,4.0,7.0,2.0,,2.0,6.0,2.0,2.0,,11.0,2.0,8.0,3.0,31.0,2.0,2.0,2.0,3.0,,10.0,,2.0,,,,10.0,12.0,6.0,2.0,6.0,2.0,1.0,,5.0,2.0,7.0,2.0,1.0,3.0,1.0,16.0,2.0,4.0,2.0,5.0,,7.0,6.0,13.0,1.0,,1.0,1.0,,,1.0,3.0,,,,4.0,1.0,1.0,1.0,,4.0,,4.0,4.0,2.0,21.0,,3.0,1.0,,0.45454545454545453,0.5,1.0,0.25,0.6666666666666666,0.25,0.6111111111111112,1.0,,0.5384615384615384,1.0,,0.5740740740740741,1.0,,0.3076923076923077,,0.05555555555555555,,,,0.3333333333333333,,0.5,0.5714285714285714,0.6666666666666666,0.4,0.5384615384615384,0.5,0.5,0.5,0.6666666666666666,0.3333333333333333,0.5,,0.42857142857142855,0.6666666666666666,0.5,0.09090909090909091,0.5,0.6,0.6,0.3333333333333333,0.23076923076923078,0.6666666666666666,0.6666666666666666,0.75,0.2692307692307692,0.5714285714285714,0.6666666666666666,0.25,0.07692307692307693,0.23076923076923078,0.3333333333333333,0.3333333333333333,1.0,0.2,1.0,,0.4,1.0,1.0,0.5,,,,0.3333333333333333,0.5124625,0.41235,0.07407407407407407,0.05555555555555555,0.1111111111111111,0.3225806451612903,,24.525,0.13043478260869565,1.0,,,,,,,,,0.14285714285714285,1.0,,,,1.0,,1.0,,,,,1.0,,,,,,,,0.2,,,,,,,,,,1611661324,2012,2012,True
200671-201499-202257-202644-203016,1611661324,"Seimone Augustus, Candice Wiggins, Monica Wright, Amber Harris, Devereaux Peters","Augustus, Wiggins, Wright, Harris, Peters",200671-201499-202257-202644-203016,MIN,506.0,6,8.0,1.0,17.0,16.0,33.0,6.0,9.0,11.0,,,3.0,3.0,7.0,1.0,3.0,93.91304347826086,15.411764705882353,15.25,12.176470588235293,13.5625,0.5,0.75,0.5100958333333333,5.077777777777778,5.0,2.0,6.0,3.0,1.0,2.0,,2.0,,2.0,,1.0,,,,3.0,,,,3.0,,3.0,6.0,12.0,1.0,2.0,,,4.0,6.0,,4.0,,4.0,4.0,6.0,,,,3.0,,3.0,,3.0,,3.0,,3.0,,,6.0,3.0,3.0,3.0,6.0,,9.0,6.0,15.0,1.0,,4.0,4.0,,3.0,2.0,6.0,,1.0,1.0,8.0,,3.0,,1.0,1.0,1.0,,1.0,,6.0,4.0,5.0,1.0,1.0,1.0,1.0,,,,,0.3333333333333333,0.5,,0.25,0.5,,0.375,0.75,0.3333333333333333,0.25,,0.3333333333333333,0.3333333333333333,0.5,,0.5714285714285714,,0.75,0.5,1.0,1.0,0.8181818181818182,0.6666666666666666,0.3333333333333333,0.5,1.0,1.0,,0.75,1.0,0.5,1.0,0.16666666666666666,,0.5,0.75,1.0,0.16666666666666666,,,,0.08333333333333333,,,,,0.25,,,,1.0,0.5,1.0,,,,0.5,,,,,0.4849,0.492475,0.2,0.25,,0.5,0.3333333333333333,21.766666666666666,0.29411764705882354,,,,,,,,,,,1.0,,,,,,,,,,,,,,,,,,,,,,,,,,,,,1611661324,2012,2012,True
100412-100835-100915-100944-202632,1611661324,"Taj McWilliams-Franklin, Erin Thorn, Lindsay Whalen, Rebekkah Brunson, Maya Moore","McWilliams-Franklin, Thorn, Whalen, Brunson, Moore",100412-100835-100915-100944-202632,MIN,15.0,1,,1.0,1.0,,1.0,,1.0,,,,,,,,,96.0,15.0,,15.0,,,,0.38,18.7,,,1.0,,,,,,,,,1.0,,,,,,,,,,,1.0,1.0,,,,,1.0,1.0,,,,,,,,,,,,,,,,,,,,,,,1.0,,,,,1.0,1.0,,,,,,,,1.0,,,,2.0,,1.0,,,,,,,,,,,,,,,,,,,,,,,,,0.25,0.5,,,,,,,,,,,1.0,,,,1.0,,,1.0,,,,,,,,,,,,,,,,1.0,,,,,,,,,,,,,,,,,,,,,,0.5,0.5,,1.0,,,,,,,,,,,,,,,,,,,,,,,,,,,,,,,,,,,,,,,,,,,1611661324,2012,2012,True
100412-100835-100915-200671-202632,1611661324,"Taj McWilliams-Franklin, Erin Thorn, Lindsay Whalen, Seimone Augustus, Maya Moore","McWilliams-Franklin, Thorn, Whalen, Augustus, Moore",100412-100835-100915-200671-202632,MIN,46.0,2,1.0,6.0,4.0,2.0,6.0,1.0,3.0,,,,,,,,,187.82608695652172,8.75,5.5,6.75,5.5,0.3333333333333333,0.3333333333333333,0.4568666666666667,6.366666666666667,,,1.0,1.0,1.0,1.0,,,1.0,2.0,,,,,,,,,,2.0,,,2.0,6.0,1.0,1.0,,,,2.0,,,,,,2.0,2.0,,,,,,,1.0,,1.0,,1.0,,,2.0,,,,1.0,,1.0,,1.0,,,,,,,,1.0,,,,2.0,,1.0,,,,,,,,4.0,,,,,0.5,0.5,,,,,0.6666666666666666,1.0,,0.6666666666666666,1.0,,0.75,1.0,,,,,,,,,,1.0,,,,1.0,,,,,,,,1.0,,,,,1.0,1.0,1.0,0.6666666666666666,0.5,0.5,,,,,,,,,,,1.0,1.0,1.0,,,,,,,,,0.5816,,0.25,0.25,,0.3333333333333333,,,,,,,,,,,,,,,,,,,,,,,,,,,,,,,,,,,,,,,,,,,1611661324,2012,2012,True
100412-100835-201499-202257-202644,1611661324,"Taj McWilliams-Franklin, Erin Thorn, Candice Wiggins, Monica Wright, Amber Harris","McWilliams-Franklin, Thorn, Wiggins, Wright, Harris",100412-100835-201499-202257-202644,MIN,261.0,2,4.0,3.0,10.0,9.0,19.0,4.0,6.0,8.0,1.0,,,,2.0,2.0,3.0,104.82758620689656,11.2,16.555555555555557,10.3,14.666666666666666,0.5714285714285714,0.7142857142857143,0.511,7.433333333333334,,3.0,2.0,2.0,,1.0,,,,,,2.0,,,1.0,1.0,,,,2.0,1.0,1.0,4.0,11.0,,1.0,,,2.0,2.0,,,,,,2.0,2.0,3.0,,1.0,1.0,1.0,,1.0,1.0,2.0,1.0,1.0,,,5.0,,1.0,1.0,3.0,,4.0,1.0,5.0,,1.0,2.0,,2.0,,,2.0,,,,4.0,,2.0,,,1.0,1.0,,1.0,1.0,9.0,,,,,0.5,0.5,1.0,1.0,,1.0,0.3333333333333333,,,0.5,,,0.6111111111111112,0.5,,0.14285714285714285,,0.16666666666666666,,,,1.0,,0.6,0.25,1.0,,0.6666666666666666,0.25,0.5,,,,,1.0,,1.0,1.0,,1.0,0.5,0.5,0.5,,,,,0.2857142857142857,,,,,0.14285714285714285,1.0,1.0,1.0,1.0,,,,,,,,,,1.0,0.4969,,0.2222222222222222,0.25,,0.18181818181818182,,22.2,,,,,,,,,,,0.5,,,,,,,,,,,,,,,,,,,,,,,,,,,,,,1611661324,2012,2012,True
100412-100915-200671-201499-202632,1611661324,"Taj McWilliams-Franklin, Lindsay Whalen, Seimone Augustus, Candice Wiggins, Maya Moore","McWilliams-Franklin, Whalen, Augustus, Wiggins, Moore",100412-100915-200671-201499-202632,MIN,1165.0,6,19.0,-24.0,35.0,38.0,73.0,19.0,31.0,56.0,3.0,3.0,1.0,4.0,5.0,5.0,13.0,90.23175965665236,17.17142857142857,14.842105263157896,16.0,14.131578947368421,0.475,0.7,0.5254825000000001,5.929032258064517,6.0,4.0,10.0,9.0,4.0,8.0,2.0,3.0,1.0,8.0,1.0,4.0,2.0,,1.0,7.0,,,1.0,11.0,2.0,9.0,4.0,32.0,4.0,9.0,,,3.0,11.0,2.0,3.0,1.0,2.0,9.0,12.0,10.0,6.0,6.0,7.0,1.0,5.0,,6.0,2.0,8.0,1.0,6.0,,,18.0,2.0,9.0,3.0,5.0,,8.0,13.0,21.0,3.0,,1.0,1.0,,2.0,1.0,8.0,,,,7.0,1.0,4.0,,,,,,,,21.0,9.0,6.0,1.0,,0.5454545454545454,0.75,1.0,0.2222222222222222,,0.2222222222222222,0.3548387096774194,0.4444444444444444,0.6666666666666666,0.35,0.4444444444444444,0.875,0.37209302325581395,0.5,0.9,0.225,,0.16129032258064516,0.10526315789473684,0.375,,0.2,,1.0,0.45,0.6,0.2857142857142857,0.8,0.4074074074074074,0.4,0.5714285714285714,0.3333333333333333,0.16666666666666666,1.0,1.0,1.0,1.0,0.6666666666666666,0.13636363636363635,,0.47368421052631576,0.5294117647058824,0.6666666666666666,0.2,0.125,0.2,,0.1,0.25,0.25,,0.05,0.175,0.14285714285714285,0.14285714285714285,1.0,0.8888888888888888,0.5,0.25,,,,0.75,0.6666666666666666,,0.25,0.14285714285714285,0.5684571428571429,0.616425,0.09302325581395349,0.11764705882352941,,0.34375,0.28125,22.12222222222222,0.17142857142857143,2.0,1.0,,,,1.0,0.5,0.5,1.0,,0.5,,2.0,0.6666666666666666,1.0,,,,1.0,1.0,,,,,,,,1.0,,,,1.0,,,,,,,,1611661324,2012,2012,True
100412-100915-200671-202257-203016,1611661324,"Taj McWilliams-Franklin, Lindsay Whalen, Seimone Augustus, Monica Wright, Devereaux Peters","McWilliams-Franklin, Whalen, Augustus, Wright, Peters",100412-100915-200671-202257-203016,MIN,362.0,3,6.0,-12.0,11.0,12.0,23.0,1.0,6.0,16.0,1.0,1.0,,3.0,3.0,3.0,6.0,91.49171270718232,16.181818181818183,15.333333333333334,14.909090909090908,13.25,0.1111111111111111,0.4444444444444444,0.4595,11.75,,7.0,2.0,1.0,,,,,1.0,2.0,,3.0,,,,3.0,,1.0,,2.0,,3.0,,4.0,,1.0,,1.0,,,,,,,,2.0,2.0,,,3.0,,,,1.0,,1.0,,1.0,,,2.0,,2.0,,4.0,,4.0,2.0,6.0,,,,,,,,1.0,,1.0,,,,,,,1.0,,1.0,1.0,1.0,4.0,,,,,0.5,0.5,,,,,0.3333333333333333,,,0.2222222222222222,,,0.2222222222222222,,,0.3333333333333333,,,,,,,,0.5714285714285714,0.5,,,0.5714285714285714,0.2857142857142857,,1.0,0.3333333333333333,,,,1.0,0.5,,,1.0,1.0,1.0,1.0,0.2222222222222222,0.5,0.5,,0.3333333333333333,,,,,0.3333333333333333,,,,,,,0.5,,,,,,,,0.515425,,,,,,,21.633333333333336,,,,,,,,,,,,,,,,2.0,1.0,,,,,,,,,,,,,,,,,,,,,,,,1611661324,2012,2012,True
100412-100915-200671-202632-202644,1611661324,"Taj McWilliams-Franklin, Lindsay Whalen, Seimone Augustus, Maya Moore, Amber Harris","McWilliams-Franklin, Whalen, Augustus, Moore, Harris",100412-100915-200671-202632-202644,MIN,262.0,1,4.0,1.0,9.0,8.0,17.0,,4.0,8.0,,,1.0,1.0,2.0,1.0,2.0,93.4351145038168,13.444444444444445,17.625,13.11111111111111,15.875,,0.3333333333333333,0.43065,15.375,,,1.0,,,,,,,1.0,1.0,3.0,,,1.0,2.0,,,,1.0,1.0,2.0,4.0,9.0,,,,,,,,,,,,2.0,,3.0,,2.0,1.0,1.0,,1.0,1.0,2.0,1.0,,,1.0,5.0,,1.0,,4.0,,4.0,1.0,5.0,,,1.0,,1.0,1.0,,2.0,,,,4.0,,2.0,,,1.0,,1.0,1.0,1.0,9.0,,,,,1.0,1.0,1.0,0.5,,0.5,0.25,,,0.4166666666666667,,,0.5625,,,0.3333333333333333,,0.25,,1.0,,0.5,,0.5714285714285714,0.3333333333333333,,,0.5714285714285714,0.25,,1.0,,,,1.0,0.6666666666666666,,,,1.0,,,,0.16666666666666666,,,,0.5,0.3333333333333333,0.3333333333333333,1.0,,0.3333333333333333,0.5,0.5,1.0,,,,,,,,,,,0.5,,,0.25,0.3333333333333333,,,,23.35,,,,,,,,,,,,,,,,,,,,,,,,,,,,,,,,,,,,,,,,,1611661324,2012,2012,True
100412-100915-200671-202632-203016,1611661324,"Taj McWilliams-Franklin, Lindsay Whalen, Seimone Augustus, Maya Moore, Devereaux Peters","McWilliams-Franklin, Whalen, Augustus, Moore, Peters",100412-100915-200671-202632-203016,MIN,1238.0,8,21.0,-1.0,42.0,41.0,83.0,10.0,21.0,44.0,2.0,2.0,2.0,4.0,7.0,6.0,10.0,96.54281098546042,16.666666666666668,13.121951219512194,15.5,12.902439024390244,0.29411764705882354,0.6764705882352942,0.5095897058823529,6.923809523809524,,8.0,6.0,5.0,3.0,3.0,,,2.0,7.0,1.0,4.0,3.0,,4.0,10.0,,1.0,,8.0,5.0,13.0,12.0,43.0,3.0,4.0,,1.0,2.0,8.0,,,,,,8.0,8.0,15.0,4.0,10.0,4.0,5.0,1.0,4.0,5.0,9.0,4.0,2.0,1.0,1.0,23.0,1.0,4.0,6.0,8.0,,14.0,5.0,19.0,,,3.0,2.0,1.0,,,9.0,,,,13.0,1.0,7.0,,,,,,,,35.0,,,1.0,,0.5,0.6666666666666666,1.0,0.38461538461538464,,0.38461538461538464,0.38095238095238093,0.75,,0.45588235294117646,0.6,,0.5375,0.6666666666666666,,0.38235294117647056,0.07692307692307693,0.23809523809523808,0.4,,,0.42857142857142855,,0.8,0.3076923076923077,1.0,0.125,0.875,0.23809523809523808,0.4,0.4,,0.16666666666666666,,0.6666666666666666,1.0,0.75,1.0,,,0.5,0.8333333333333334,0.4,0.20588235294117646,0.2857142857142857,0.2857142857142857,0.5,0.11764705882352941,0.25,0.3333333333333333,1.0,0.08823529411764706,0.29411764705882354,0.4,0.4444444444444444,1.0,0.6,1.0,,0.2,,,,,,,0.4,0.647875,,0.175,0.25925925925925924,,0.18604651162790697,,22.56153846153846,,1.0,1.0,,,,1.0,0.3333333333333333,0.3333333333333333,1.0,0.25,1.0,1.0,,,,,,,,,1.0,,,,,,,,0.1,,,,,,,,,,,1611661324,2012,2012,True
100412-100915-201499-202257-202632,1611661324,"Taj McWilliams-Franklin, Lindsay Whalen, Candice Wiggins, Monica Wright, Maya Moore","McWilliams-Franklin, Whalen, Wiggins, Wright, Moore",100412-100915-201499-202257-202632,MIN,955.0,5,16.0,-17.0,30.0,31.0,61.0,11.0,22.0,40.0,2.0,2.0,1.0,3.0,6.0,7.0,10.0,91.97905759162305,16.833333333333332,14.516129032258064,16.1,13.903225806451612,0.4074074074074074,0.5925925925925926,0.47988518518518514,7.7272727272727275,11.0,10.0,4.0,7.0,2.0,3.0,3.0,3.0,1.0,4.0,,7.0,1.0,1.0,1.0,4.0,,,3.0,8.0,1.0,5.0,4.0,23.0,2.0,4.0,,,,4.0,3.0,6.0,4.0,4.0,13.0,6.0,10.0,,2.0,4.0,1.0,1.0,,3.0,,3.0,,3.0,,,6.0,1.0,4.0,3.0,4.0,1.0,8.0,5.0,13.0,,,3.0,2.0,1.0,,1.0,7.0,,,,5.0,1.0,3.0,,,1.0,,1.0,1.0,,19.0,13.0,11.0,1.0,,0.375,0.42857142857142855,,0.2,,0.2,0.36363636363636365,0.5,0.5,0.35185185185185186,0.5,0.45,0.39655172413793105,0.5,0.5416666666666666,0.18518518518518517,,0.045454545454545456,,,,0.5,1.0,0.5,0.3076923076923077,0.6,0.25,0.5384615384615384,0.29411764705882354,0.25,0.6666666666666666,0.16666666666666666,0.3333333333333333,,0.25,1.0,0.5,0.6666666666666666,,,0.6363636363636364,0.6363636363636364,0.42857142857142855,0.14814814814814814,0.25,0.25,,0.25925925925925924,,,,0.037037037037037035,0.14814814814814814,0.25,0.25,,0.75,0.6666666666666666,0.5,,,,0.3,1.0,0.1,0.3,0.25,0.5692333333333334,0.46136999999999995,0.10344827586206896,0.125,,0.17391304347826086,0.5652173913043478,22.080000000000002,0.36666666666666664,1.0,,3.0,,,,,,,0.14285714285714285,0.5,1.0,,,,,,,1.0,1.0,,,,,,,,0.25,,,,0.3333333333333333,,,,,,,,1611661324,2012,2012,True
100412-100944-201499-202257-202632,1611661324,"Taj McWilliams-Franklin, Rebekkah Brunson, Candice Wiggins, Monica Wright, Maya Moore","McWilliams-Franklin, Brunson, Wiggins, Wright, Moore",100412-100944-201499-202257-202632,MIN,1161.0,13,19.0,-1.0,39.0,36.0,75.0,14.0,23.0,46.0,4.0,4.0,3.0,3.0,7.0,2.0,6.0,93.02325581395348,16.28205128205128,14.61111111111111,15.333333333333334,13.833333333333334,0.4,0.7428571428571429,0.5104779411764706,5.821739130434783,19.0,6.0,8.0,9.0,3.0,4.0,3.0,5.0,,4.0,2.0,5.0,2.0,1.0,5.0,10.0,,2.0,6.0,11.0,5.0,12.0,8.0,45.0,3.0,5.0,,2.0,2.0,8.0,4.0,10.0,7.0,3.0,20.0,10.0,12.0,6.0,4.0,8.0,4.0,3.0,,5.0,2.0,7.0,2.0,4.0,,1.0,16.0,1.0,8.0,,5.0,,5.0,9.0,14.0,,,4.0,3.0,1.0,1.0,4.0,7.0,,,,10.0,,4.0,,1.0,2.0,1.0,,3.0,,37.0,20.0,19.0,2.0,1.0,0.45454545454545453,0.5555555555555556,0.4,0.4166666666666667,,0.36363636363636365,0.4782608695652174,0.6,0.4,0.5285714285714286,0.42857142857142855,0.5,0.5625,0.5,0.5263157894736842,0.34285714285714286,,0.13043478260869565,0.14285714285714285,0.25,,0.5714285714285714,,0.45454545454545453,0.6666666666666666,,0.14285714285714285,0.45454545454545453,0.47368421052631576,0.8,0.75,0.3333333333333333,0.2,,0.5,0.6666666666666666,0.25,,,,0.6428571428571429,0.75,0.4444444444444444,0.11428571428571428,,,,0.14285714285714285,0.4,0.4,0.5,0.05714285714285714,0.2857142857142857,0.5,0.5,0.4,0.5714285714285714,0.75,0.3333333333333333,0.2857142857142857,,,0.29411764705882354,0.6,0.058823529411764705,0.35294117647058826,0.5,0.6382166666666667,0.483465625,0.10256410256410256,0.14814814814814814,,0.17777777777777778,0.4444444444444444,24.308333333333334,0.48717948717948717,,,9.0,1.0,1.0,,,,,,,,,,,,,,3.0,3.0,,,,,,,1.0,0.42857142857142855,,,,0.5,,,,,,1.0,1.0,1611661324,2012,2012,True
100412-200671-201499-202632-203016,1611661324,"Taj McWilliams-Franklin, Seimone Augustus, Candice Wiggins, Maya Moore, Devereaux Peters","McWilliams-Franklin, Augustus, Wiggins, Moore, Peters",100412-200671-201499-202632-203016,MIN,499.0,6,8.0,2.0,19.0,16.0,35.0,6.0,10.0,22.0,5.0,3.0,2.0,3.0,5.0,2.0,5.0,101.00200400801603,14.68421052631579,13.75,13.368421052631579,13.25,0.46153846153846156,0.6923076923076923,0.5780115384615384,5.43,2.0,7.0,2.0,5.0,1.0,1.0,,,1.0,2.0,1.0,2.0,1.0,,1.0,2.0,,,,7.0,1.0,3.0,7.0,24.0,1.0,1.0,,,,2.0,,2.0,,,,4.0,10.0,3.0,,2.0,1.0,,,2.0,1.0,3.0,1.0,2.0,,,7.0,1.0,1.0,1.0,1.0,,2.0,2.0,4.0,,2.0,2.0,2.0,,1.0,,7.0,,,,8.0,2.0,5.0,,,1.0,,1.0,1.0,,22.0,,2.0,1.0,,0.2857142857142857,0.2857142857142857,1.0,0.3333333333333333,,0.3333333333333333,0.7,1.0,,0.6538461538461539,1.0,,0.75,1.0,,0.23076923076923078,,,,,,0.4,,0.3333333333333333,0.3333333333333333,1.0,0.5,0.5,0.4,1.0,,,,1.0,,,0.5,1.0,,,0.8333333333333334,0.8333333333333334,0.4,0.15384615384615385,0.5,0.5,,0.15384615384615385,0.5,0.5,,0.07692307692307693,0.15384615384615385,0.5,0.5,1.0,1.0,1.0,,,,,,,,,0.5,,0.3456,0.3125,0.38461538461538464,,0.08333333333333333,,21.866666666666664,0.10526315789473684,,,,,,,,,,,,,,,,,,,,,,,1.0,1.0,,,,,,,,,,,,,,,,1611661324,2012,2012,True
100412-200671-201499-202257-202632,1611661324,"Taj McWilliams-Franklin, Seimone Augustus, Candice Wiggins, Monica Wright, Maya Moore","McWilliams-Franklin, Augustus, Wiggins, Wright, Moore",100412-200671-201499-202257-202632,MIN,428.0,3,7.0,-4.0,13.0,15.0,28.0,1.0,7.0,19.0,3.0,3.0,,2.0,2.0,4.0,7.0,94.2056074766355,12.307692307692308,17.866666666666667,12.307692307692308,15.4,0.125,0.25,0.45274375,10.671428571428573,6.0,5.0,,1.0,,,1.0,1.0,2.0,4.0,1.0,2.0,,,1.0,1.0,,,,4.0,1.0,1.0,4.0,15.0,,,,,,,3.0,4.0,,1.0,7.0,2.0,6.0,3.0,,1.0,1.0,,,1.0,1.0,2.0,1.0,1.0,,,5.0,,,3.0,1.0,,4.0,,4.0,,,,,,,,4.0,,,,7.0,,1.0,,2.0,,,,,,15.0,7.0,6.0,,2.0,0.25,0.25,1.0,1.0,,1.0,0.5714285714285714,,0.75,0.6875,,0.75,0.6363636363636364,,0.5833333333333334,0.125,,,,,,,,0.25,,1.0,,0.5714285714285714,,,,,,,,,0.3333333333333333,1.0,,,1.0,1.0,1.0,0.5,0.5,0.5,,0.25,0.5,0.5,,,0.125,1.0,1.0,1.0,,,,,,,0.25,1.0,,,1.0,,0.44205,0.1111111111111111,0.125,,,0.4666666666666667,21.9,0.46153846153846156,,,,,,,,,,,1.0,,,,1.0,,,,,,1.0,,,,,1.0,,,,,,,,,,,,,,1611661324,2012,2012,True
100835-100915-100944-201499-201882,1611661324,"Erin Thorn, Lindsay Whalen, Rebekkah Brunson, Candice Wiggins, Jessica Adair","Thorn, Whalen, Brunson, Wiggins, Adair",100835-100915-100944-201499-201882,MIN,180.0,1,3.0,-2.0,6.0,6.0,12.0,3.0,3.0,7.0,,,2.0,2.0,2.0,,2.0,96.0,13.833333333333334,16.166666666666668,10.333333333333334,16.166666666666668,0.75,1.0,0.4850875,2.8333333333333335,3.0,2.0,2.0,1.0,1.0,1.0,1.0,2.0,,,,,1.0,1.0,,,,,,1.0,,1.0,3.0,5.0,1.0,1.0,,,2.0,4.0,1.0,2.0,1.0,,2.0,,2.0,,2.0,,,1.0,,,,,,,,,,1.0,1.0,1.0,1.0,,2.0,2.0,4.0,,,,,,,1.0,2.0,,,,4.0,,2.0,,,,,,,,1.0,2.0,3.0,1.0,,,,,,,,0.3333333333333333,1.0,0.5,0.25,1.0,0.3333333333333333,0.4166666666666667,1.0,0.3333333333333333,0.25,,0.3333333333333333,0.3333333333333333,,,,,1.0,0.5,1.0,1.0,1.0,0.6666666666666666,0.5,,,,1.0,,1.0,,,,,0.3333333333333333,0.5,,,,,,,,,,0.25,,,,,1.0,1.0,,,,,0.6666666666666666,0.5,0.3333333333333333,,,,0.49321666666666664,0.3333333333333333,0.4,,0.8,0.4,21.9,0.5,,,,,,,,,,,1.0,,,,,,,,,,,,,1.0,,,,,,,,,,,,,,,,1611661324,2012,2012,True
100835-100915-100944-201499-203016,1611661324,"Erin Thorn, Lindsay Whalen, Rebekkah Brunson, Candice Wiggins, Devereaux Peters","Thorn, Whalen, Brunson, Wiggins, Peters",100835-100915-100944-201499-203016,MIN,225.0,2,4.0,,6.0,6.0,12.0,1.0,3.0,5.0,2.0,2.0,,1.0,1.0,,2.0,76.8,18.666666666666668,18.833333333333332,17.833333333333332,18.833333333333332,0.16666666666666666,0.6666666666666666,0.47900000000000004,11.1,,1.0,1.0,,,,,,,,1.0,2.0,,,1.0,3.0,,,,1.0,1.0,3.0,,5.0,,,,,,,,,,,,,2.0,3.0,,3.0,1.0,1.0,,,1.0,1.0,1.0,,,,3.0,1.0,,,1.0,,1.0,1.0,2.0,,,,,,1.0,,,,,,,,,,,1.0,,1.0,1.0,,5.0,,,,,,,1.0,0.3333333333333333,,0.3333333333333333,0.3333333333333333,,,0.4166666666666667,,,0.4166666666666667,,,0.5,,0.3333333333333333,,,,,,0.5,,,0.5,0.5,0.25,,,,0.5,,,0.5,,,,,,,,,,,,0.3333333333333333,0.5,1.0,,,0.5,0.3333333333333333,0.3333333333333333,1.0,,,,,,,,,,,0.3333333333333333,,,,,,,,22.0,,,,,,,,,,,0.5,,,,,1.0,,,,,,,,,,,,,,,,,,,,,,,,,1611661324,2012,2012,True
100835-100915-200671-202632-203016,1611661324,"Erin Thorn, Lindsay Whalen, Seimone Augustus, Maya Moore, Devereaux Peters","Thorn, Whalen, Augustus, Moore, Peters",100835-100915-200671-202632-203016,MIN,196.0,1,3.0,-4.0,6.0,7.0,13.0,3.0,6.0,10.0,1.0,1.0,,,,2.0,3.0,95.51020408163265,15.666666666666666,14.571428571428571,15.666666666666666,14.0,0.5,0.5,0.5331833333333333,8.933333333333334,,2.0,,2.0,,,,,1.0,1.0,,2.0,,,,,,,,3.0,,,,6.0,,,,,,,,,,,,2.0,4.0,,,,,,,1.0,,1.0,,1.0,,,2.0,,,,1.0,,1.0,,1.0,,,,,,,,1.0,,,,,,,,,,,,,,6.0,,,,,0.3333333333333333,0.3333333333333333,,,,,0.5,,,0.5,,,0.5,,,,,,,,,,,0.5,,,,0.5,,,,,,,,,1.0,,,,0.6666666666666666,0.6666666666666666,0.5,0.16666666666666666,1.0,1.0,,0.3333333333333333,,,,,,,,,,,,,,,,,,,,,,,,,,,,,,,,,,,,,,,,,,,,,,,,,,,,1.0,,,,,,,,,,,,,,,,1611661324,2012,2012,True
100835-100915-201499-202644-203016,1611661324,"Erin Thorn, Lindsay Whalen, Candice Wiggins, Amber Harris, Devereaux Peters","Thorn, Whalen, Wiggins, Harris, Peters",100835-100915-201499-202644-203016,MIN,37.0,1,1.0,-2.0,1.0,1.0,2.0,,,2.0,,,1.0,1.0,1.0,,,77.83783783783784,10.0,27.0,10.0,27.0,,,,,,,,,,,,,,,,,,,,,,,,,,,,,,,,,,,,,,,,,,,,,,,,,,,,,,,,,,,,,,,,,,,,,,,,,,,,,,,,,,,,,,,,,,,,,,,,,,,,,,,,,,,,,,,,,,,,,,,,,,,,,,,,,,,,,,,,,,,,,,,,,,,,,,,,,,,,,,,,,,,,,,,,,,,,,,,,,,,,,,,,,,,,,,,,,,,,,,,,,,,,,1611661324,2012,2012,True
100835-100944-200671-202257-203016,1611661324,"Erin Thorn, Rebekkah Brunson, Seimone Augustus, Monica Wright, Devereaux Peters","Thorn, Brunson, Augustus, Wright, Peters",100835-100944-200671-202257-203016,MIN,120.0,1,2.0,3.0,7.0,7.0,14.0,4.0,4.0,4.0,2.0,2.0,,,3.0,,,168.0,7.142857142857143,10.0,6.857142857142857,10.0,0.8,1.0,0.54619,2.425,,7.0,1.0,2.0,1.0,1.0,,,,,,,,,1.0,1.0,,,,2.0,1.0,1.0,,7.0,1.0,1.0,,,,2.0,,,,,,4.0,,,,1.0,1.0,2.0,,2.0,,2.0,,2.0,,,4.0,,1.0,1.0,2.0,,3.0,1.0,4.0,,,3.0,3.0,,,,,,,,,,,,,,,,,,5.0,,,,,1.0,1.0,,1.0,,1.0,0.5,1.0,,0.7,1.0,,0.7,1.0,,0.2,,0.5,0.5,,,1.0,,1.0,0.5,1.0,,1.0,0.5,0.5,,,,,,1.0,1.0,1.0,,,0.5,1.0,1.0,,,,,,,,,,0.2,1.0,1.0,,1.0,1.0,1.0,,,,,,,,1.0,0.4773,,,,,0.2857142857142857,,23.9,,,,3.0,,,,,,,,,,,,,,,,,,,,,,,,,,,,,,,,,,,,,1611661324,2012,2012,True
100835-100944-201499-202257-202632,1611661324,"Erin Thorn, Rebekkah Brunson, Candice Wiggins, Monica Wright, Maya Moore","Thorn, Brunson, Wiggins, Wright, Moore",100835-100944-201499-202257-202632,MIN,94.0,1,2.0,2.0,4.0,4.0,8.0,,3.0,3.0,,,,,,,,122.55319148936171,8.25,15.25,8.25,15.25,,,0.40419999999999995,15.966666666666667,4.0,4.0,,,,,,,,,2.0,3.0,,,,,,,,2.0,,,1.0,5.0,,,,,,,2.0,3.0,,1.0,5.0,2.0,2.0,,,,,,,1.0,,1.0,,,,1.0,2.0,,,2.0,,,2.0,,2.0,,,,,,,,2.0,,,1.0,2.0,,1.0,,,,,,,,5.0,5.0,4.0,,,0.5,0.5,,,,,0.6666666666666666,,0.6666666666666666,0.6666666666666666,,0.6666666666666666,0.625,,0.625,,,,,,,,,,,1.0,,1.0,,,,,,,,,,1.0,,,,,,,,,,1.0,0.6666666666666666,0.6666666666666666,0.5,,,,,,,,,,,,,,,,,,0.40419999999999995,0.25,0.25,,,1.0,,1.0,,,,,,,,,,,,,,,,,,,,,,,,,,,,,,,,,,,,,,,,1611661324,2012,2012,True
100835-100944-201499-202257-202644,1611661324,"Erin Thorn, Rebekkah Brunson, Candice Wiggins, Monica Wright, Amber Harris","Thorn, Brunson, Wiggins, Wright, Harris",100835-100944-201499-202257-202644,MIN,58.0,1,1.0,3.0,2.0,2.0,4.0,1.0,1.0,,,,,,,,,99.3103448275862,10.5,18.5,9.5,16.5,0.5,1.0,0.598825,1.2,,,1.0,1.0,1.0,1.0,,,,,,,,,,1.0,,,,1.0,,1.0,1.0,3.0,1.0,1.0,,,,2.0,,,,,,2.0,,,,1.0,,,,1.0,,1.0,,1.0,,,2.0,1.0,,1.0,1.0,,2.0,1.0,3.0,,,,,,,,2.0,,1.0,,2.0,,1.0,,,1.0,,1.0,1.0,1.0,1.0,,,,,1.0,1.0,,,,,1.0,1.0,,0.5,1.0,,0.5,1.0,,0.5,,,,,,,,0.5,,1.0,1.0,0.6666666666666666,1.0,,,,1.0,,,1.0,,1.0,,1.0,1.0,1.0,1.0,,,,,,,,,,0.5,,,,1.0,1.0,1.0,,,,,,,,,,,0.3333333333333333,0.5,,0.6666666666666666,,22.7,,,,,,,,,,,,,,,,,,,,,,,,,,,,,,,,,,,,,,,,,1611661324,2012,2012,True
100835-100944-201499-202257-203016,1611661324,"Erin Thorn, Rebekkah Brunson, Candice Wiggins, Monica Wright, Devereaux Peters","Thorn, Brunson, Wiggins, Wright, Peters",100835-100944-201499-202257-203016,MIN,159.0,2,3.0,-3.0,6.0,5.0,11.0,2.0,4.0,8.0,1.0,,,,,,,99.62264150943396,17.5,10.8,17.5,10.6,0.4,0.6,0.5082,8.275,3.0,2.0,,1.0,,,1.0,2.0,,1.0,1.0,1.0,1.0,,,,,,,2.0,,1.0,1.0,5.0,,,,,,,1.0,2.0,,1.0,3.0,2.0,2.0,,,,,1.0,,1.0,,1.0,,1.0,,,2.0,,,,,,,,,,1.0,,,,,,1.0,,,,2.0,,1.0,,,,,,,,5.0,3.0,3.0,,,0.5,0.5,,,,,0.5,,0.5,0.4,,0.5,0.4166666666666667,,0.5,0.2,,0.25,0.5,,,,,,,,,,,,,,,,,,,,,,0.5,1.0,1.0,0.2,,,,0.2,1.0,1.0,,0.2,,,,,,,,,,,1.0,0.5,,,,,0.6606,0.16666666666666666,0.2,,,0.6,21.6,0.5,,,,,,,,,,,,,,,,,,,,,,,,,,,,,,,,,,,,,,,,1611661324,2012,2012,True
100835-100944-201499-202632-203016,1611661324,"Erin Thorn, Rebekkah Brunson, Candice Wiggins, Maya Moore, Devereaux Peters","Thorn, Brunson, Wiggins, Moore, Peters",100835-100944-201499-202632-203016,MIN,407.0,3,7.0,1.0,13.0,13.0,26.0,2.0,6.0,13.0,3.0,3.0,,,1.0,,2.0,91.99017199017199,16.23076923076923,15.076923076923077,15.846153846153847,14.923076923076923,0.16666666666666666,0.6666666666666666,0.49517916666666667,11.616666666666667,,6.0,2.0,,,,,,,1.0,1.0,3.0,2.0,,2.0,4.0,,,,1.0,3.0,6.0,3.0,14.0,,1.0,,,2.0,2.0,,,,,,,2.0,6.0,,4.0,2.0,,,,2.0,2.0,1.0,,,,6.0,,2.0,,3.0,,3.0,2.0,5.0,2.0,,1.0,1.0,,,,2.0,,,,4.0,,2.0,,,,,,,,12.0,,,1.0,,,,0.6666666666666666,0.5,,0.5,0.16666666666666666,,,0.4583333333333333,,,0.5,0.5,,0.5,,,,,,1.0,,0.75,0.4,,,0.75,0.25,1.0,,,,,1.0,,1.0,,0.25,,,,,0.08333333333333333,,,,0.25,0.3333333333333333,0.3333333333333333,,0.16666666666666666,0.3333333333333333,0.5,0.5,0.5,,,,,,,,,,,0.5,0.4493,,0.14285714285714285,0.25,,0.14285714285714285,,22.05,,,1.0,3.0,,,1.0,0.5,0.5,1.0,,,,,,,,,,,,,,,,,,,,,,,,,,,,,,,1611661324,2012,2012,True
100835-200671-201882-202632-202644,1611661324,"Erin Thorn, Seimone Augustus, Jessica Adair, Maya Moore, Amber Harris","Thorn, Augustus, Adair, Moore, Harris",100835-200671-201882-202632-202644,MIN,45.0,1,1.0,-2.0,1.0,2.0,3.0,,,2.0,,,,,,,,96.0,21.0,12.0,21.0,12.0,,1.0,0.5445,,,,,,,,,,,,,,,,,1.0,,,,,,1.0,,,,,,,,,,,,,,,,,,1.0,,,,,,,,,,,,,,,,,,,,,,,,,,,1.0,,,1.0,,,,,,,,,,,,,,,,,,,,,,,,,,,,,,,1.0,,,,,,,,,,,,,,,,,,,,,,,,,,,,,,,,,,,,,1.0,,,,,,,,,,,,,,,,,,,,,,21.9,,,,,,,,,,,,,,,,,,,,,,,,,,,,,,,,,,,,,,,,,1611661324,2012,2012,True
100835-200671-202257-202632-203016,1611661324,"Erin Thorn, Seimone Augustus, Monica Wright, Maya Moore, Devereaux Peters","Thorn, Augustus, Wright, Moore, Peters",100835-200671-202257-202632-203016,MIN,256.0,1,4.0,-5.0,8.0,9.0,17.0,3.0,6.0,14.0,2.0,,1.0,2.0,2.0,1.0,3.0,95.625,18.5,12.0,15.125,12.0,0.42857142857142855,0.5714285714285714,0.5410928571428572,6.7,,2.0,1.0,2.0,,1.0,,,1.0,2.0,,1.0,1.0,,,,,,,3.0,,1.0,3.0,9.0,,2.0,,,,,,,,,,6.0,,,,,,,,3.0,,3.0,,2.0,1.0,,6.0,,2.0,,1.0,,1.0,2.0,3.0,1.0,2.0,,,,,,2.0,,,,3.0,1.0,2.0,,,,,,,,9.0,,,1.0,,1.0,1.0,,,,,0.5,,,0.42857142857142855,,,0.5625,,,0.14285714285714285,,,,,,,,1.0,0.6666666666666666,,,1.0,0.5,,1.0,1.0,,,,1.0,,,0.25,,0.6666666666666666,0.6666666666666666,1.0,0.2857142857142857,0.5,0.5,1.0,0.14285714285714285,,,,0.14285714285714285,,,,,0.5,,,,,,,,,,,0.6055,,0.25,0.2857142857142857,,,,22.3,,,,,,,,,,,,,,,,,,,,,,,,,,,,,,,,,,,,,,,,,1611661324,2012,2012,True
100835-201499-201882-202257-203016,1611661324,"Erin Thorn, Candice Wiggins, Jessica Adair, Monica Wright, Devereaux Peters","Thorn, Wiggins, Adair, Wright, Peters",100835-201499-201882-202257-203016,MIN,2450.0,7,41.0,-15.0,78.0,79.0,157.0,20.0,46.0,71.0,10.0,5.0,1.0,8.0,17.0,5.0,20.0,92.27755102040815,16.525641025641026,14.69620253164557,16.0,14.037974683544304,0.3225806451612903,0.5806451612903226,0.4764188524590164,8.680434782608696,36.0,32.0,8.0,12.0,2.0,3.0,5.0,8.0,1.0,11.0,7.0,15.0,3.0,2.0,1.0,13.0,,,7.0,20.0,2.0,16.0,10.0,56.0,4.0,6.0,,,2.0,10.0,9.0,17.0,9.0,4.0,25.0,22.0,18.0,6.0,4.0,12.0,1.0,2.0,,11.0,2.0,13.0,1.0,8.0,,3.0,28.0,3.0,5.0,8.0,14.0,4.0,26.0,9.0,35.0,1.0,5.0,9.0,6.0,3.0,2.0,8.0,17.0,,2.0,1.0,15.0,1.0,5.0,,3.0,2.0,,2.0,2.0,,46.0,25.0,36.0,5.0,3.0,0.55,0.6111111111111112,1.0,0.125,,0.13333333333333333,0.43478260869565216,0.6666666666666666,0.5294117647058824,0.3709677419354839,0.6666666666666666,0.40384615384615385,0.4057971014492754,0.7142857142857143,0.4166666666666667,0.25806451612903225,,0.043478260869565216,0.05,0.09090909090909091,,0.5294117647058824,1.0,0.6666666666666666,0.19230769230769232,0.8,0.25,0.7096774193548387,0.21052631578947367,0.25,0.1,0.25,0.2,0.5,0.5,0.375,1.0,0.75,0.027777777777777776,,0.6,0.631578947368421,0.6666666666666666,0.1774193548387097,0.09090909090909091,0.1,,0.24193548387096775,0.4666666666666667,0.4666666666666667,0.42857142857142855,0.04838709677419355,0.20967741935483872,0.07692307692307693,0.07692307692307693,1.0,0.5,0.6666666666666666,,,,,0.3076923076923077,0.625,0.07692307692307693,0.2692307692307692,0.08333333333333333,0.428875,0.487716,0.07575757575757576,0.1,,0.17857142857142858,0.44642857142857145,24.3125,0.46153846153846156,,1.0,,,1.0,1.0,0.3333333333333333,0.3333333333333333,1.0,,1.0,,1.0,0.3333333333333333,4.0,1.0,,1.0,,1.0,1.0,2.0,,,,,,0.1111111111111111,,,0.5,,,,,,,,,1611661324,2012,2012,True
100835-201499-202257-202632-202644,1611661324,"Erin Thorn, Candice Wiggins, Monica Wright, Maya Moore, Amber Harris","Thorn, Wiggins, Wright, Moore, Harris",100835-201499-202257-202632-202644,MIN,207.0,2,3.0,5.0,9.0,7.0,16.0,4.0,4.0,4.0,1.0,1.0,,,2.0,1.0,1.0,111.30434782608695,10.555555555555555,16.0,10.555555555555555,15.428571428571429,0.8,1.0,0.47446,2.725,1.0,3.0,,3.0,,,,,,,,,,,,1.0,,,,3.0,,1.0,3.0,9.0,,,,,,,,,,,,4.0,2.0,,,1.0,,,,2.0,,2.0,,2.0,,,4.0,,,2.0,1.0,,3.0,,3.0,,,2.0,1.0,1.0,,,3.0,,,,3.0,1.0,2.0,,,,,,,,9.0,,1.0,,,0.6666666666666666,0.6666666666666666,,,,,0.75,,,0.6,,,0.75,,,0.2,,,,,,1.0,,1.0,,0.6666666666666666,,0.75,,,,,,,,1.0,,0.6666666666666666,,,0.75,0.75,0.6666666666666666,,,,,,,,,,0.2,,,,,,,,,,,,,,,,,0.3333333333333333,0.4,,,,22.0,0.1111111111111111,,,,,,,,,,,,,,,,,,,,,,,,,,,,,,,,,,,,,,,,1611661324,2012,2012,True
100835-201499-202257-202632-203030,1611661324,"Erin Thorn, Candice Wiggins, Monica Wright, Maya Moore, Julie Wojta","Thorn, Wiggins, Wright, Moore, Wojta",100835-201499-202257-202632-203030,MIN,16.0,1,,2.0,1.0,1.0,2.0,,,,,,,,,,1.0,180.0,,16.0,,16.0,,,,,1.0,,,,,,,,,,,,,,,,,,,,,,2.0,2.0,,,,,,,,,,2.0,2.0,,,,,,,,,,,,,,,,,,,,1.0,,1.0,,1.0,,,,,,,,1.0,,,,2.0,,,,1.0,,,,,,2.0,2.0,1.0,,1.0,,,,,,,,,,,,,1.0,,1.0,,,,,,,,,1.0,,,,1.0,,,,,,,,1.0,,,,,,,,,,,,,,,,,,,,,,,,,,,,,,,,,,,,,,1.0,,1.0,,,,,,,,,,,,,,,,,,,,,,,,,,,,,,,,,,,,,,,,1611661324,2012,2012,True
100835-201499-202257-202644-203030,1611661324,"Erin Thorn, Candice Wiggins, Monica Wright, Amber Harris, Julie Wojta","Thorn, Wiggins, Wright, Harris, Wojta",100835-201499-202257-202644-203030,MIN,237.0,1,4.0,6.0,10.0,11.0,21.0,2.0,5.0,5.0,1.0,1.0,,1.0,2.0,,1.0,127.59493670886076,8.8,13.545454545454545,8.8,13.090909090909092,0.4,0.4,0.40462,6.459999999999999,10.0,,,2.0,,,2.0,2.0,1.0,3.0,,,,,,,,,,3.0,,,5.0,11.0,,,,,,,3.0,5.0,,5.0,11.0,2.0,4.0,,,,,,,1.0,,1.0,,1.0,,,2.0,,,4.0,3.0,,7.0,,7.0,,,1.0,,1.0,,2.0,3.0,,2.0,,6.0,,1.0,,2.0,2.0,2.0,,2.0,1.0,11.0,11.0,10.0,,2.0,0.3333333333333333,0.3333333333333333,,,,,0.6,,0.6,0.6,,0.6,0.6875,,0.6875,,,,,,,0.5,,0.75,,1.0,,0.875,,,,,,,0.5,1.0,,1.0,,0.5,1.0,1.0,0.5,0.6,0.3333333333333333,0.3333333333333333,,,,,,,,,,,,,,,,,0.4,1.0,,,,,0.40462,0.16666666666666666,0.16666666666666666,,,1.0,,1.0,,,,,,,,,,,1.0,,,,1.0,,,,,,,,,,,,,,,,,,,,,,,,,1611661324,2012,2012,True
100915-100944-200671-201499-202632,1611661324,"Lindsay Whalen, Rebekkah Brunson, Seimone Augustus, Candice Wiggins, Maya Moore","Whalen, Brunson, Augustus, Wiggins, Moore",100915-100944-200671-201499-202632,MIN,898.0,8,15.0,-1.0,28.0,30.0,58.0,6.0,11.0,29.0,2.0,2.0,,,4.0,2.0,8.0,93.00668151447661,14.571428571428571,16.333333333333332,14.392857142857142,15.633333333333333,0.3157894736842105,0.7368421052631579,0.5275342105263158,5.036363636363636,11.0,11.0,2.0,4.0,1.0,1.0,2.0,3.0,2.0,5.0,,,,,2.0,8.0,,,2.0,6.0,2.0,8.0,10.0,28.0,1.0,1.0,,,2.0,4.0,2.0,4.0,2.0,5.0,9.0,4.0,8.0,3.0,2.0,8.0,2.0,,,2.0,1.0,3.0,1.0,2.0,,,7.0,1.0,,3.0,8.0,1.0,12.0,1.0,13.0,,,4.0,4.0,,,3.0,11.0,,1.0,1.0,12.0,,5.0,,1.0,,,,,,24.0,9.0,11.0,1.0,1.0,0.3333333333333333,0.4,0.5,0.25,,0.25,0.5454545454545454,1.0,0.5,0.47368421052631576,1.0,0.3333333333333333,0.56,1.0,0.5,0.42105263157894735,,,,,,1.0,1.0,0.8,,0.6,0.16666666666666666,0.7333333333333333,0.09090909090909091,,,,0.16666666666666666,,0.6666666666666666,1.0,0.75,0.75,,,0.6666666666666666,0.6666666666666666,0.5,0.2631578947368421,0.4,0.4,,,,,,,0.42105263157894735,0.25,0.25,0.5,1.0,1.0,,,,,0.5,0.6666666666666666,,0.3333333333333333,0.25,,0.617,0.20833333333333334,0.3125,,0.14285714285714285,0.32142857142857145,22.7,0.39285714285714285,2.0,,3.0,,,,,,,,,,,,,,,,,,,,,1.0,,,,,,,,,,,,,,,,1611661324,2012,2012,True
100915-100944-200671-202257-202632,1611661324,"Lindsay Whalen, Rebekkah Brunson, Seimone Augustus, Monica Wright, Maya Moore","Whalen, Brunson, Augustus, Wright, Moore",100915-100944-200671-202257-202632,MIN,625.0,5,10.0,3.0,20.0,19.0,39.0,8.0,16.0,22.0,,,1.0,2.0,2.0,1.0,5.0,89.85600000000001,16.65,15.368421052631579,15.2,14.105263157894736,0.38095238095238093,0.6190476190476191,0.49185476190476196,6.33125,12.0,15.0,4.0,6.0,2.0,2.0,3.0,4.0,3.0,6.0,1.0,2.0,2.0,2.0,1.0,3.0,,,3.0,10.0,1.0,5.0,2.0,25.0,4.0,5.0,,,,8.0,6.0,10.0,5.0,2.0,17.0,6.0,14.0,3.0,6.0,3.0,1.0,,,3.0,1.0,4.0,1.0,1.0,1.0,1.0,9.0,1.0,3.0,3.0,4.0,2.0,9.0,5.0,14.0,,,,,,,,4.0,,,,7.0,1.0,4.0,,,,,,,,17.0,17.0,12.0,1.0,,0.3,0.42857142857142855,1.0,0.2,,0.2,0.625,0.8,0.6,0.5476190476190477,0.8,0.5,0.5208333333333334,0.8,0.5,0.23809523809523808,,,,,,,1.0,0.5,0.5,1.0,0.25,0.6363636363636364,0.4,0.5,0.6666666666666666,,,0.5,0.5,0.5,0.5,1.0,,,0.75,0.75,0.16666666666666666,0.2857142857142857,0.5,0.5,0.3333333333333333,0.09523809523809523,0.5,0.5,1.0,0.09523809523809523,0.14285714285714285,0.3333333333333333,0.3333333333333333,1.0,0.4,1.0,,,,,0.26666666666666666,0.75,0.13333333333333333,0.2,0.3333333333333333,0.386075,0.47222333333333333,0.16666666666666666,0.21052631578947367,,0.32,0.68,22.66,0.6,1.0,,,,,,,,,,,,1.0,0.3333333333333333,,,,,1.0,1.0,,,,,,,,0.2,,,,0.3333333333333333,,,,,,,,1611661324,2012,2012,True
100915-100944-201499-201882-202257,1611661324,"Lindsay Whalen, Rebekkah Brunson, Candice Wiggins, Jessica Adair, Monica Wright","Whalen, Brunson, Wiggins, Adair, Wright",100915-100944-201499-201882-202257,MIN,69.0,1,1.0,2.0,3.0,2.0,5.0,2.0,2.0,2.0,1.0,1.0,,,1.0,1.0,2.0,104.34782608695653,13.333333333333334,14.5,13.333333333333334,14.5,1.0,1.0,0.6969,1.1,,,,2.0,,,,,,,,,,,,,,,,2.0,,,,4.0,,,,,,,,,,,,4.0,,,,,,,,2.0,,2.0,,2.0,,,4.0,,,,,1.0,1.0,,1.0,,,1.0,,1.0,,,,,,,,,,,,,,,,,4.0,,,,,1.0,1.0,,,,,1.0,,,1.0,,,1.0,,,,,,,,,1.0,1.0,,,,,,,,,,,,,,,,,,1.0,1.0,1.0,,,,,,,,,,,,,,,,,,,,,,,,,,,,,,,,,,,,,,,,,,,,,,,,,,,,,,,,,,,,,,,,,,,,,,,,,1611661324,2012,2012,True
100915-100944-201499-202632-203016,1611661324,"Lindsay Whalen, Rebekkah Brunson, Candice Wiggins, Maya Moore, Devereaux Peters","Whalen, Brunson, Wiggins, Moore, Peters",100915-100944-201499-202632-203016,MIN,993.0,6,17.0,2.0,29.0,25.0,54.0,7.0,18.0,23.0,4.0,3.0,1.0,3.0,8.0,2.0,6.0,78.30815709969788,16.862068965517242,20.16,15.379310344827585,17.32,0.30434782608695654,0.5217391304347826,0.5166804347826087,7.816666666666666,10.0,1.0,6.0,3.0,1.0,3.0,,3.0,1.0,6.0,2.0,5.0,1.0,,1.0,4.0,,,,6.0,2.0,5.0,7.0,25.0,2.0,5.0,,,2.0,6.0,,7.0,,4.0,4.0,4.0,8.0,6.0,2.0,4.0,1.0,1.0,,2.0,2.0,4.0,1.0,,1.0,1.0,10.0,,4.0,1.0,5.0,,6.0,5.0,11.0,,1.0,5.0,4.0,1.0,,3.0,10.0,1.0,2.0,,8.0,1.0,2.0,1.0,1.0,,,,,,19.0,4.0,10.0,,1.0,0.3333333333333333,0.4,1.0,0.4,,0.4,0.3333333333333333,0.4,,0.391304347826087,0.4,,0.4807692307692308,0.5,0.2222222222222222,0.21739130434782608,,0.05555555555555555,0.14285714285714285,,,0.625,,0.4166666666666667,0.3333333333333333,0.3333333333333333,,0.4,0.26666666666666666,0.5,0.4,,,,0.5,0.2,0.6666666666666666,0.3333333333333333,,,0.42857142857142855,0.5,,0.2608695652173913,0.16666666666666666,0.16666666666666666,1.0,0.21739130434782608,0.4,0.4,0.5,0.043478260869565216,0.17391304347826086,0.25,0.25,1.0,0.6,0.3333333333333333,,,,,0.42857142857142855,,,,0.25,0.53896,0.4915428571428571,0.12,0.10526315789473684,0.16666666666666666,0.24,0.16,22.380000000000003,0.3448275862068966,1.0,1.0,,,,1.0,1.0,1.0,1.0,,,1.0,1.0,1.0,1.0,,,,,,,,,,,,,,,,,,,,,,,,,1611661324,2012,2012,True
100915-200671-201499-202632-203016,1611661324,"Lindsay Whalen, Seimone Augustus, Candice Wiggins, Maya Moore, Devereaux Peters","Whalen, Augustus, Wiggins, Moore, Peters",100915-200671-201499-202632-203016,MIN,342.0,3,6.0,-8.0,10.0,11.0,21.0,3.0,8.0,15.0,1.0,1.0,1.0,1.0,1.0,2.0,2.0,88.42105263157895,19.5,13.363636363636363,17.6,12.181818181818182,0.3,0.5,0.459385,8.775,5.0,7.0,3.0,1.0,,1.0,,,,3.0,1.0,2.0,1.0,,,1.0,,,1.0,2.0,,2.0,3.0,7.0,,1.0,,1.0,1.0,1.0,1.0,3.0,1.0,3.0,5.0,2.0,2.0,,,1.0,,1.0,,1.0,,1.0,,,,1.0,2.0,1.0,2.0,,2.0,,2.0,3.0,5.0,,,,,,,,4.0,,2.0,,4.0,,1.0,,1.0,,,,,,6.0,5.0,5.0,,1.0,0.5,0.5,,,,,0.25,,0.3333333333333333,0.2,,0.25,0.2916666666666667,0.16666666666666666,0.4166666666666667,0.2,,0.125,0.3333333333333333,,,,,0.6666666666666666,0.3333333333333333,,0.5,0.4,0.375,0.5,0.3333333333333333,,1.0,,,1.0,0.5,,,,0.3333333333333333,0.5,,0.3,,,,0.2,0.5,0.5,1.0,0.1,0.1,,,,0.5,,,,,,,,,0.25,,0.58475,0.3846625,0.09090909090909091,0.1111111111111111,,0.14285714285714285,0.7142857142857143,22.95,0.5,,,,,,,,,,,,,,,,,1.0,,,,,1.0,,1.0,,,,,,0.5,,,,,,,,,,1611661324,2012,2012,True
100915-200671-201882-202257-202644,1611661324,"Lindsay Whalen, Seimone Augustus, Jessica Adair, Monica Wright, Amber Harris","Whalen, Augustus, Adair, Wright, Harris",100915-200671-201882-202257-202644,MIN,31.0,1,1.0,2.0,2.0,1.0,3.0,1.0,1.0,,,,,,1.0,,,139.3548387096774,7.0,17.0,7.0,17.0,1.0,1.0,0.7812,1.2,,1.0,,1.0,,,,,,,,,,,,,,,,1.0,,,,2.0,,,,,,,,,,,,,2.0,,,,,,,,,,,,,,,,,,1.0,,1.0,,1.0,,,1.0,1.0,,,,,,,,,,,,,,,,,,2.0,,,,,,,,,,,1.0,,,1.0,,,1.0,,,,,,,,,1.0,,1.0,,,,1.0,,,,,,,1.0,,,,,,1.0,1.0,,,,,,,,,,,,,,,,,,,,,,,,,,,,,,,,,,,,,,,,,,,,,,,,,,,,,,,,,,,,,,,,,,,,,,,,,,1611661324,2012,2012,True
100915-200671-201882-202257-203016,1611661324,"Lindsay Whalen, Seimone Augustus, Jessica Adair, Monica Wright, Devereaux Peters","Whalen, Augustus, Adair, Wright, Peters",100915-200671-201882-202257-203016,MIN,150.0,1,2.0,3.0,4.0,4.0,8.0,1.0,3.0,4.0,,,,,,1.0,1.0,76.8,19.75,17.75,18.5,13.5,0.2,0.6,0.46292,7.466666666666666,,,1.0,1.0,,,,,1.0,1.0,,1.0,,,1.0,2.0,1.0,1.0,,2.0,1.0,2.0,,7.0,,,1.0,1.0,,3.0,,,,,,4.0,,3.0,,2.0,1.0,,,2.0,1.0,3.0,1.0,1.0,1.0,,7.0,1.0,,,1.0,,1.0,1.0,2.0,,,,,,,,,,,,,,,,,,,,,,4.0,,,,,1.0,1.0,1.0,0.5,1.0,0.5,0.6666666666666666,,,0.7,1.5,,0.7,1.5,,0.4,,,,,,,,1.0,,,1.0,0.5,0.5,,,,1.0,,,,1.0,,,,1.0,1.0,1.0,0.2,1.0,1.0,1.0,0.2,,,,,0.4,0.5,0.5,1.0,,,,1.0,1.0,1.0,,,,,0.5,,,,,,0.42857142857142855,,22.2,,,,,,,,,,,,,,,,,,,,,,,,,,,,,,,,,,,,,,,,,1611661324,2012,2012,True
100915-200671-202257-202632-202644,1611661324,"Lindsay Whalen, Seimone Augustus, Monica Wright, Maya Moore, Amber Harris","Whalen, Augustus, Wright, Moore, Harris",100915-200671-202257-202632-202644,MIN,274.0,2,5.0,-3.0,10.0,10.0,20.0,5.0,5.0,15.0,1.0,1.0,,,1.0,1.0,3.0,105.1094890510949,14.9,12.5,14.8,12.1,0.5555555555555556,1.0,0.6034166666666666,2.48,,,1.0,2.0,,1.0,,,,,,,1.0,,1.0,3.0,,,,2.0,2.0,4.0,2.0,12.0,,1.0,,,,,,,,,,4.0,,3.0,,3.0,1.0,1.0,,2.0,1.0,3.0,,2.0,,,7.0,,1.0,1.0,1.0,,2.0,1.0,3.0,,,1.0,1.0,,,,1.0,,,,2.0,,1.0,,,1.0,1.0,,1.0,,12.0,,,,,1.0,1.0,0.5,0.5,,0.5,0.4,,,0.5555555555555556,,,0.6,,,0.4444444444444444,,0.2,0.2,,,1.0,,0.5,0.3333333333333333,1.0,,0.6666666666666666,0.2,0.3333333333333333,,,,,,,1.0,,,,0.4,0.5,1.0,,,,,,,,,0.1111111111111111,0.3333333333333333,0.3333333333333333,0.3333333333333333,,1.0,,,,,,,,,,0.3333333333333333,0.5575,,0.1,0.16666666666666666,,,,21.5,,,1.0,3.0,,,1.0,1.0,1.0,1.0,,1.0,,,,,,,,,,,,,,,,,,,,,,,,,,,,,1611661324,2012,2012,True
100915-201499-201882-202257-202644,1611661324,"Lindsay Whalen, Candice Wiggins, Jessica Adair, Monica Wright, Amber Harris","Whalen, Wiggins, Adair, Wright, Harris",100915-201499-201882-202257-202644,MIN,363.0,3,6.0,10.0,11.0,13.0,24.0,3.0,5.0,5.0,4.0,4.0,1.0,1.0,2.0,,1.0,95.20661157024794,15.727272727272727,14.615384615384615,14.363636363636363,13.538461538461538,0.3,0.8,0.5019899999999999,7.9799999999999995,,10.0,2.0,2.0,1.0,1.0,,,,1.0,,1.0,1.0,,2.0,4.0,,,,2.0,3.0,5.0,2.0,15.0,1.0,1.0,,,1.0,3.0,,,,,,,4.0,6.0,2.0,4.0,2.0,,,,2.0,2.0,1.0,,,,6.0,1.0,1.0,1.0,3.0,,4.0,2.0,6.0,,,1.0,,1.0,,,3.0,,,,3.0,1.0,2.0,,,,,,,,12.0,,,1.0,,,,0.6666666666666666,0.6,,0.6,0.4,1.0,,0.65,1.0,,0.6818181818181818,0.75,,0.5,,,,,,0.5,,0.6,0.3333333333333333,1.0,0.5,0.6666666666666666,0.4,1.0,,,0.5,,,0.6,,1.0,,,0.6666666666666666,0.6666666666666666,,0.1,,,,0.1,,,,0.1,0.4,0.5,0.5,0.5,1.0,1.0,,,,,,,,,0.5,0.6422,,0.18181818181818182,0.3333333333333333,,0.2,,22.64,,,1.0,3.0,,,1.0,1.0,1.0,1.0,,,,,,,,,,,,,,,,,,,,,,,,,,,,,,,1611661324,2012,2012,True
100915-200671-202632-202644-203016,1611661324,"Lindsay Whalen, Seimone Augustus, Maya Moore, Amber Harris, Devereaux Peters","Whalen, Augustus, Moore, Harris, Peters",100915-200671-202632-202644-203016,MIN,115.0,1,2.0,,3.0,4.0,7.0,1.0,3.0,2.0,,,,,,,,87.65217391304347,19.333333333333332,14.25,13.666666666666666,14.0,0.25,0.5,0.4708875,11.766666666666666,,,1.0,1.0,,,,,,,,2.0,,,,1.0,,,,1.0,,1.0,,2.0,,1.0,,,,,,,,,,2.0,,,,1.0,,,,1.0,,1.0,,1.0,,,2.0,1.0,,,2.0,,2.0,1.0,3.0,,,,,,,,,,,,,,,,,1.0,,1.0,1.0,1.0,2.0,,,,,1.0,1.0,,,,,0.3333333333333333,,,0.25,,,0.25,,,0.25,,,,,,,,0.6666666666666666,,,1.0,0.6666666666666666,0.3333333333333333,,,,1.0,,,0.6666666666666666,,,,1.0,1.0,1.0,1.0,,,,,0.5,,,,,0.25,,,,,,,,,,,,,,,0.3301,,,,,,,21.4,,,,,,,,,,,,,,,,,,,,,,,,,,,,,,,,,,,,,,,,,1611661324,2012,2012,True
100915-201499-201882-202257-203016,1611661324,"Lindsay Whalen, Candice Wiggins, Jessica Adair, Monica Wright, Devereaux Peters","Whalen, Wiggins, Adair, Wright, Peters",100915-201499-201882-202257-203016,MIN,29.0,1,,2.0,1.0,1.0,2.0,,,1.0,,,,,,1.0,1.0,99.3103448275862,7.0,22.0,,22.0,,1.0,0.38445,,,,1.0,,,,,,,,,,,,1.0,1.0,1.0,1.0,,,1.0,1.0,,3.0,,,1.0,1.0,,3.0,,,,,,,,3.0,,1.0,1.0,,,,1.0,1.0,1.0,,,,3.0,,,,,,,,,,,,,,,,,,,,,,,,,,,,,,,,,,,,,1.0,1.0,1.0,1.0,,,,1.5,1.5,,1.5,1.5,,1.0,,,,,,,,,,,,,,,,,,,,,,,,,,,,,,,,,,,,,1.0,1.0,1.0,1.0,,,,1.0,1.0,1.0,,,,,1.0,0.38445,,,,,1.0,,22.4,,,,,,,,,,,,,,,,,,,,,,,,,,,,,,,,,,,,,,,,,1611661324,2012,2012,True
100915-201499-202257-202644-203016,1611661324,"Lindsay Whalen, Candice Wiggins, Monica Wright, Amber Harris, Devereaux Peters","Whalen, Wiggins, Wright, Harris, Peters",100915-201499-202257-202644-203016,MIN,436.0,4,7.0,2.0,15.0,15.0,30.0,5.0,10.0,16.0,,,1.0,1.0,2.0,5.0,5.0,99.08256880733946,15.466666666666667,13.6,15.133333333333333,11.866666666666667,0.38461538461538464,0.6153846153846154,0.5272307692307693,6.29,4.0,3.0,3.0,4.0,1.0,1.0,1.0,1.0,,3.0,,2.0,,,2.0,3.0,1.0,1.0,2.0,4.0,2.0,3.0,4.0,18.0,1.0,1.0,1.0,1.0,1.0,6.0,1.0,2.0,2.0,,8.0,2.0,6.0,6.0,,3.0,2.0,,,1.0,2.0,3.0,2.0,1.0,,,8.0,1.0,2.0,,3.0,2.0,5.0,3.0,8.0,,,1.0,,1.0,,1.0,8.0,1.0,1.0,2.0,6.0,,3.0,,,,,,,,12.0,8.0,4.0,,,0.25,0.25,1.0,0.6666666666666666,1.0,0.6666666666666666,0.4,1.0,0.5,0.5384615384615384,1.25,1.0,0.5625,1.0,1.0,0.23076923076923078,,,,,,0.5,0.6666666666666666,0.75,0.3333333333333333,,1.0,0.6,0.42857142857142855,1.0,0.3333333333333333,,1.0,,,1.0,1.0,,,,0.8,0.8,0.25,0.23076923076923078,,,,0.15384615384615385,,,,,0.23076923076923078,0.6666666666666666,0.6666666666666666,1.0,0.5,1.0,1.0,0.5,1.0,1.0,0.25,1.0,,0.5,0.6666666666666666,0.62835,0.5831,0.1875,0.23076923076923078,,0.3333333333333333,0.4444444444444444,21.53333333333333,0.26666666666666666,,,,,,,,,,,,,,,,,,,2.0,2.0,,,,,,,,1.0,,,,1.0,,,,,,,,1611661324,2012,2012,True
100915-201499-202632-202644-203016,1611661324,"Lindsay Whalen, Candice Wiggins, Maya Moore, Amber Harris, Devereaux Peters","Whalen, Wiggins, Moore, Harris, Peters",100915-201499-202632-202644-203016,MIN,239.0,2,4.0,7.0,8.0,7.0,15.0,3.0,4.0,5.0,1.0,1.0,,1.0,1.0,,3.0,90.3765690376569,16.25,15.571428571428571,16.125,15.571428571428571,0.375,0.875,0.5087625,5.625,,3.0,1.0,1.0,,,,,,,1.0,1.0,,,2.0,4.0,,,,2.0,2.0,4.0,2.0,12.0,,,,,1.0,1.0,,,,,,,4.0,6.0,,4.0,2.0,1.0,,,2.0,2.0,2.0,,,,6.0,1.0,1.0,2.0,2.0,,4.0,2.0,6.0,,,,,,,,2.0,,,,3.0,1.0,2.0,,,,,,,,11.0,,,1.0,,,,1.0,0.5,,0.5,0.5,,,0.625,,,0.6666666666666666,0.5,,0.5,,0.25,0.3333333333333333,,,,,0.6666666666666666,0.5,1.0,0.5,0.8,0.5,0.5,,,0.5,,,1.0,,1.0,,,0.3333333333333333,0.5,,,,,,0.125,1.0,1.0,,,0.5,0.5,0.5,1.0,,,,,,,,,,,0.5,,,0.2222222222222222,0.4,,0.08333333333333333,,23.05,,,,,,,,,,,,,,,,1.0,,,,,,,,,,,,,,,,,,,,,,,,,1611661324,2012,2012,True
100944-200671-201499-202257-203016,1611661324,"Rebekkah Brunson, Seimone Augustus, Candice Wiggins, Monica Wright, Devereaux Peters","Brunson, Augustus, Wiggins, Wright, Peters",100944-200671-201499-202257-203016,MIN,890.0,5,15.0,-3.0,29.0,29.0,58.0,5.0,13.0,31.0,2.0,1.0,1.0,1.0,3.0,4.0,7.0,93.84269662921348,15.89655172413793,14.793103448275861,15.03448275862069,13.172413793103448,0.21739130434782608,0.6521739130434783,0.47524565217391307,7.423076923076923,19.0,20.0,4.0,2.0,1.0,2.0,2.0,5.0,1.0,4.0,2.0,4.0,2.0,2.0,2.0,8.0,,,5.0,5.0,2.0,10.0,12.0,28.0,2.0,4.0,,,2.0,6.0,3.0,10.0,7.0,9.0,18.0,4.0,6.0,3.0,2.0,8.0,2.0,1.0,,2.0,1.0,3.0,1.0,,,2.0,7.0,1.0,3.0,,7.0,2.0,9.0,4.0,13.0,1.0,1.0,2.0,2.0,,,,12.0,,1.0,2.0,13.0,1.0,5.0,,2.0,,,,,,22.0,18.0,19.0,2.0,2.0,0.4,0.5,0.5,0.2,,0.2,0.38461538461538464,0.5,0.3,0.34782608695652173,0.5,0.2647058823529412,0.4827586206896552,0.6,0.42857142857142855,0.43478260869565216,,0.07692307692307693,,0.25,,0.6666666666666666,0.4,0.6363636363636364,0.42857142857142855,,0.14285714285714285,0.6363636363636364,0.2857142857142857,0.6666666666666666,0.3333333333333333,,0.2,,0.3333333333333333,0.8,0.6666666666666666,,0.07692307692307693,,0.4,0.4,,0.17391304347826086,0.25,0.3333333333333333,,0.17391304347826086,0.5,0.5,1.0,0.08695652173913043,0.34782608695652173,0.25,0.25,0.5,0.5,0.5,,,,,0.29411764705882354,0.4,0.11764705882352941,0.29411764705882354,0.25,0.493625,0.48771764705882353,0.18518518518518517,0.29411764705882354,,0.21428571428571427,0.6428571428571429,23.009999999999998,0.6551724137931034,2.0,,3.0,,,,,,,,,,,,,,,,1.0,1.0,,1.0,,1.0,,,,0.14285714285714285,,,,0.2,,,,,,,,1611661324,2012,2012,True
200671-201499-201882-202632-203016,1611661324,"Seimone Augustus, Candice Wiggins, Jessica Adair, Maya Moore, Devereaux Peters","Augustus, Wiggins, Adair, Moore, Peters",200671-201499-201882-202632-203016,MIN,109.0,2,2.0,1.0,5.0,6.0,11.0,,3.0,3.0,2.0,1.0,,,1.0,2.0,2.0,145.32110091743118,12.4,7.833333333333333,12.4,7.833333333333333,,0.25,0.40565,12.266666666666666,,,,,,,,,,1.0,2.0,2.0,1.0,,,,,,,2.0,,1.0,,4.0,,,,,,,,,,,,4.0,,,,,,1.0,,2.0,,2.0,,,,2.0,4.0,,,1.0,,,1.0,,1.0,,1.0,1.0,,1.0,,,1.0,,,,,,,,,,,,,,4.0,,,,,1.0,1.0,,,,,0.6666666666666666,,,0.5,,,0.5,,,0.25,,0.3333333333333333,,1.0,,1.0,,,,0.5,,0.5,,,,,,,,,,0.5,,,,,,0.25,,,,0.5,1.0,1.0,1.0,0.25,,,,,,,,,,,,,,,,,,,,,,,20.6,,,,,,,,,,,,,,,,,,,,,,,,,1.0,,,,,,,,,,,,,,,,1611661324,2012,2012,True
200671-201499-202632-202644-203016,1611661324,"Seimone Augustus, Candice Wiggins, Maya Moore, Amber Harris, Devereaux Peters","Augustus, Wiggins, Moore, Harris, Peters",200671-201499-202632-202644-203016,MIN,128.0,2,2.0,-2.0,4.0,3.0,7.0,1.0,5.0,2.0,,,,1.0,1.0,,2.0,78.75,24.0,10.666666666666666,18.0,7.333333333333333,0.16666666666666666,0.3333333333333333,0.37504166666666666,7.4799999999999995,,3.0,1.0,,,1.0,,,,3.0,,1.0,,,,1.0,,,,,,1.0,,,,2.0,,,,,,,,,,,,,,1.0,,1.0,,,,,,,,,,1.0,2.0,,1.0,,1.0,3.0,4.0,,,,,,1.0,,1.0,,,1.0,,,,,,1.0,,1.0,1.0,1.0,,,,2.0,,,,,,,,,,,,,,,,,0.16666666666666666,,0.2,,0.3333333333333333,,,,1.0,0.4,,1.0,0.5,0.5,1.0,0.3333333333333333,,1.0,,,1.0,,,,1.0,,,,0.5,,,,0.16666666666666666,,,,,0.16666666666666666,,,,0.5,,,,,,,,,,,0.4078,,,,,,,23.3,,1.0,,,,,,,,,,,,,,,,,,,,,,,,,,,,,,,,,,,,,,,1611661324,2012,2012,True
